# 16019140	Jeconiah Joel Michael Siregar
48
76
94
90
30
33
73
48
90
46
87
72
73
75
54
33
35
44
86
24
59
98
15
20
46
92
78
35
92
14
95
83
11
74
11
67
13
69
63
59
71
49
74
23
76
69
38
41
93
54
14
67
75
30
20
28
26
36
21
81
90
83
39
46
87
95
84
20
63
98
17
19
42
82
84
30
18
44
79
73
22
41
42
54
67
90
31
99
34
84
12
57
37
13
93
44
82
25
29
60
85
33
61
98
40
48
95
59
74
22
34
39
73
94
57
27
66
92
82
90
29
61
79
45
28
39
19
93
89
41
55
53
43
29
47
74
48
96
69
89
83
73
31
69
41
38
29
54
61
51
21
94
70
99
74
57
41
83
13
67
48
50
63
71
30
80
94
42
46
42
11
83
37
47
89
39
29
38
40
53
97
18
96
16
22
64
48
58
87
35
75
38
81
62
86
59
16
23
44
77
69
78
70
36
87
59
95
44
83
81
78
70
10
47
81
44
23
81
16
64
39
35
94
89
84
74
16
73
20
15
70
91
95
76
90
56
62
18
83
68
10
70
18
68
94
85
86
48
58
63
77
68
45
24
29
51
10
36
31
44
65
75
74
50
95
82
12
19
86
37
60
93
64
69
43
66
30
53
71
34
30
43
50
49
23
68
80
18
75
88
10
69
50
12
62
74
59
11
40
20
85
90
87
21
86
70
32
82
38
36
42
86
89
45
59
72
71
56
61
52
23
52
65
49
77
92
91
52
57
61
35
80
59
58
74
61
24
25
66
10
31
67
10
89
21
18
30
99
94
55
13
98
83
96
45
64
39
23
97
93
38
24
41
70
83
19
42
31
32
96
88
65
81
56
63
16
57
40
29
87
67
16
60
46
60
55
82
16
15
95
11
30
83
84
46
35
41
63
75
18
74
87
39
97
19
89
68
55
86
13
57
54
44
35
70
18
81
37
36
35
60
12
60
24
61
42
38
17
17
71
13
66
26
12
64
70
48
68
20
71
32
19
63
30
84
55
88
30
56
66
23
68
65
54
97
40
49
40
29
11
86
17
14
70
37
57
53
47
62
41
51
14
83
62
57
31
43
77
92
94
46
76
85
70
79
27
72
44
37
54
41
14
79
53
75
57
52
73
37
60
60
44
19
58
61
97
39
90
57
91
68
55
52
98
79
78
51
93
78
72
34
58
15
98
93
17
26
23
98
65
50
80
96
11
44
89
99
36
35
36
83
83
73
10
88
83
56
79
69
71
86
15
34
92
10
65
50
62
74
59
79
44
50
44
17
64
90
26
32
97
46
62
72
83
71
23
51
81
25
41
46
37
82
78
50
26
16
30
39
24
94
17
18
96
70
66
83
70
32
33
74
65
58
17
75
19
73
72
30
86
29
28
16
90
14
10
23
63
96
84
30
35
57
25
85
67
57
55
10
51
26
79
24
45
28
95
48
55
38
46
33
21
42
15
11
24
70
36
33
93
79
35
86
17
22
54
10
47
36
59
88
64
56
71
56
31
77
32
36
64
31
40
18
34
48
21
32
29
23
46
25
37
58
16
40
48
16
41
59
86
79
53
59
30
55
51
69
29
86
99
53
39
51
87
65
80
21
94
10
94
63
75
63
29
54
47
99
86
25
82
18
71
45
19
76
13
26
42
97
53
92
75
97
33
12
89
42
73
45
91
24
77
22
70
72
62
90
63
91
20
87
73
42
60
64
62
96
56
39
56
23
30
36
32
82
66
90
42
33
94
84
82
49
71
10
26
45
74
12
59
13
69
80
97
40
17
23
85
71
16
24
45
93
29
90
70
69
16
46
78
67
90
31
30
49
30
69
14
99
94
87
50
58
14
63
57
48
76
69
12
40
35
19
90
87
80
64
86
35
73
49
12
60
70
55
61
59
82
10
99
25
27
27
49
64
78
26
94
75
34
19
67
67
80
88
47
59
27
19
62
21
44
46
16
24
63
96
78
41
77
91
15
68
82
20
54
29
73
64
68
37
73
53
45
35
35
74
37
19
81
41
22
79
72
13
45
59
78
77
82
95
17
79
89
15
19
95
26
66
13
66
63
50
16
27
23
74
97
45
30
62
93
94
58
79
88
59
52
26
99
98
21
28
78
61
24
35
62
68
10
71
55
22
15
21
92
12
41
81
92
25
54
31
88
37
39
95
84
69
47
13
99
95
18
55
72
42
27
87
22
44
38
58
66
82
70
24
31
51
25
62
10
88
50
51
83
89
56
41
61
96
69
89
78
50
44
98
39
16
38
