# 16019350	Suci Amelia
97
59
50
59
51
53
84
29
52
19
23
72
15
80
76
80
73
41
46
29
11
64
13
75
32
51
72
13
32
70
65
20
88
27
23
77
45
31
42
58
19
21
55
36
84
38
43
95
69
82
90
82
27
80
69
61
92
82
92
63
15
19
10
55
16
48
90
93
51
90
55
30
59
30
90
61
91
90
28
17
56
18
84
44
36
34
32
17
63
27
28
44
40
35
89
65
46
54
64
70
45
95
97
48
41
94
93
88
88
49
84
54
97
53
69
95
57
43
16
71
26
12
81
31
68
47
60
48
99
63
79
90
20
38
64
42
10
29
80
75
84
72
28
91
23
22
42
55
75
78
28
75
26
28
11
31
11
42
11
38
57
92
22
44
56
99
23
82
29
88
79
24
35
10
44
99
53
46
58
50
46
62
34
63
97
77
97
73
27
26
79
50
97
33
87
73
15
65
93
84
23
30
29
44
45
12
91
59
85
61
63
99
89
10
30
90
73
59
27
75
66
11
87
82
63
33
41
45
41
88
98
74
91
14
99
50
55
50
56
89
46
74
87
97
26
22
60
39
16
36
43
68
96
84
93
93
19
75
41
39
48
79
36
79
70
27
62
78
14
88
94
30
32
23
66
35
25
14
67
73
93
18
75
50
18
67
27
41
65
46
17
97
26
23
98
34
79
61
14
83
39
91
86
82
70
25
53
71
84
95
51
66
18
76
90
43
99
81
75
10
81
50
78
53
91
49
98
90
15
68
56
73
71
62
45
75
41
30
33
12
33
73
57
34
77
87
66
97
96
16
48
48
35
75
11
23
41
43
54
99
81
32
23
57
87
56
65
62
10
70
67
90
53
70
69
30
66
84
69
10
52
71
91
46
90
73
36
79
59
23
58
40
81
47
66
74
27
54
62
66
45
27
33
89
41
93
98
65
29
38
14
61
15
56
75
19
70
55
77
32
18
75
26
87
81
62
44
74
29
83
19
41
36
94
48
78
77
68
71
71
50
34
24
95
26
86
17
95
59
62
67
64
70
90
12
95
46
34
58
79
89
57
15
32
96
87
80
12
78
71
80
21
85
70
12
61
60
64
75
88
89
39
62
41
59
68
23
89
43
81
74
85
87
17
15
31
60
46
73
77
35
33
93
71
15
55
91
49
46
32
96
31
51
94
26
47
34
24
34
55
58
75
53
54
26
37
50
72
59
81
69
86
73
93
72
37
52
49
69
21
75
21
97
84
32
95
42
77
41
43
37
95
55
26
47
98
96
38
42
55
57
44
14
48
50
62
28
76
30
28
20
49
87
73
27
67
55
95
76
72
10
59
93
87
44
21
38
40
65
64
19
93
87
82
47
39
51
48
72
73
76
59
58
32
70
77
35
58
66
99
71
23
86
40
42
65
22
25
48
65
86
99
61
58
81
18
14
49
64
25
48
45
19
86
24
31
36
42
91
38
35
72
68
22
59
70
10
37
71
64
51
20
20
51
46
78
37
26
41
41
60
44
92
28
55
70
79
87
15
73
58
78
50
65
32
25
99
80
32
27
81
97
43
15
52
13
45
38
93
64
67
21
75
82
10
89
74
73
86
93
42
12
92
11
86
48
59
25
86
77
28
10
47
82
87
68
33
30
61
10
53
72
37
18
85
68
59
65
90
10
13
15
70
97
94
21
53
29
98
85
46
21
20
84
22
74
70
28
32
39
74
20
81
28
92
33
93
13
69
12
66
31
72
14
10
18
39
56
64
23
44
54
71
87
86
65
80
21
34
59
70
26
91
49
21
35
71
27
85
56
35
21
86
24
92
28
14
34
97
24
45
31
28
76
20
21
75
62
77
65
63
71
20
26
64
19
95
35
50
95
40
47
50
90
20
85
46
34
28
22
57
74
22
84
11
62
35
80
24
72
64
35
58
60
51
56
53
98
21
19
17
86
15
62
26
41
81
47
74
94
19
11
63
53
89
80
73
60
85
79
29
55
56
97
45
52
33
33
12
76
73
95
79
79
41
91
61
97
21
38
64
89
30
16
55
83
46
41
50
11
20
25
60
27
29
64
92
30
71
62
98
45
93
35
23
84
13
52
19
63
22
93
80
63
44
92
78
28
94
37
57
18
11
67
22
99
50
81
33
17
77
69
57
51
82
72
79
40
76
77
94
62
88
48
57
99
54
44
37
19
68
27
42
96
55
27
25
87
72
44
87
88
11
61
85
99
82
25
30
43
97
66
69
97
53
99
50
20
56
13
28
95
30
42
56
71
74
55
39
38
