# 16019100	Christophe Samuel Diaz H P
30
29
31
41
20
48
61
18
49
65
68
51
23
96
23
60
56
79
49
42
31
28
92
78
51
17
21
37
62
57
50
85
23
44
89
56
28
13
32
60
27
96
49
70
30
26
25
62
79
77
31
91
37
98
58
10
25
33
19
39
82
67
49
50
82
98
57
72
89
26
63
66
46
53
78
72
49
77
89
58
70
25
41
96
58
94
13
23
48
36
77
60
64
23
23
68
90
32
62
92
27
71
74
24
11
81
41
19
62
12
14
44
68
56
11
38
40
15
87
46
20
85
13
96
22
17
73
22
83
89
70
17
28
83
48
70
57
19
31
11
10
86
41
27
39
80
89
99
24
19
66
88
45
58
74
97
22
41
47
45
22
96
96
38
39
95
49
61
95
30
71
10
84
56
12
29
60
41
62
58
13
38
14
23
75
49
14
95
34
53
94
24
19
13
90
16
50
99
11
60
25
30
12
86
24
31
51
70
64
46
77
15
95
57
60
97
65
46
47
49
68
89
81
29
49
36
30
87
27
11
47
92
69
24
83
61
44
13
90
34
52
82
26
19
98
14
49
12
13
10
57
60
32
58
93
95
20
89
14
47
67
49
50
33
17
34
98
96
87
94
99
76
94
42
91
65
68
35
66
25
44
66
43
16
28
13
80
84
39
55
45
37
83
39
48
40
60
88
41
38
24
12
63
60
20
92
35
50
78
64
81
49
67
42
75
59
43
97
89
76
65
88
49
90
67
14
81
25
82
76
20
17
36
87
54
95
24
85
63
50
81
27
94
74
91
77
77
59
10
65
65
22
52
35
85
15
41
24
54
50
21
19
46
89
49
31
73
14
70
37
61
27
57
23
70
22
81
83
57
99
57
95
77
83
54
38
52
93
88
61
68
35
42
54
89
36
54
11
10
88
20
42
26
52
71
82
89
96
91
80
13
23
85
66
37
88
25
54
17
99
87
15
66
18
59
24
83
16
41
17
54
74
69
91
74
75
79
43
21
83
99
96
88
54
11
46
97
45
34
32
29
62
39
41
43
70
64
23
41
72
83
61
80
87
21
66
59
44
92
44
75
86
42
43
13
91
83
85
29
49
78
33
67
79
82
13
12
59
33
92
91
12
10
94
19
78
45
83
81
96
70
53
16
91
83
51
87
43
62
77
87
11
52
71
26
66
33
28
74
79
57
88
80
28
88
15
81
92
36
61
84
97
78
25
68
56
62
38
71
23
15
47
64
88
70
66
81
89
33
63
52
26
17
23
41
45
98
58
94
54
98
84
26
19
10
81
86
47
67
51
26
40
19
52
25
60
65
65
90
40
89
83
96
16
65
13
22
78
63
77
62
30
52
74
75
17
17
24
32
45
48
99
76
19
58
61
94
49
96
67
27
96
26
96
75
40
48
29
40
71
47
68
48
37
13
81
68
29
56
21
47
57
69
74
92
57
74
97
64
18
54
15
95
29
42
57
81
18
71
72
10
43
97
57
74
76
46
57
10
92
30
42
69
22
63
17
87
93
99
11
81
77
49
19
13
34
24
42
65
93
25
50
26
32
46
31
14
29
91
42
32
73
20
58
37
39
73
41
75
28
57
96
98
21
15
66
64
37
43
84
52
22
88
36
16
75
53
38
42
85
22
27
64
95
70
87
73
11
23
99
36
36
13
22
47
68
46
37
20
32
54
56
50
34
72
95
11
35
29
84
70
95
96
46
69
50
63
79
86
78
19
15
20
57
70
89
12
42
57
44
31
71
27
79
71
47
91
86
38
30
49
35
97
56
15
22
55
33
18
38
59
49
13
24
55
73
76
83
60
12
10
40
12
70
30
93
20
68
66
86
57
41
64
18
38
81
61
99
83
46
92
13
12
56
29
87
52
74
53
85
30
37
29
23
85
56
90
33
97
95
47
72
58
35
24
93
32
36
53
82
70
37
41
72
57
86
47
55
65
16
48
44
19
41
68
82
96
42
31
29
56
95
53
66
71
18
53
23
89
84
14
44
81
24
38
71
91
89
35
97
88
60
86
20
11
64
53
40
46
59
95
34
60
28
75
92
92
37
29
90
52
96
90
59
12
48
94
41
29
13
84
80
93
49
45
90
53
45
12
33
39
88
42
18
31
39
78
17
32
17
29
68
19
68
90
33
37
87
38
61
16
43
60
78
33
17
42
51
32
89
21
63
88
16
27
54
51
80
99
84
50
33
61
89
62
95
26
64
11
88
50
36
56
84
96
11
90
58
36
55
48
75
57
34
36
31
67
43
69
45
