# 16019405	Faruq Fadhlurrahman Tsaqif
97
52
87
56
35
28
66
24
48
36
47
96
10
90
89
90
75
39
48
94
79
93
17
52
72
57
20
95
28
46
52
44
71
25
91
89
66
75
62
54
38
99
21
13
73
79
82
80
22
55
88
89
64
52
99
21
59
18
29
75
67
19
86
14
19
31
26
65
50
59
70
21
80
89
34
63
25
78
46
47
54
87
59
63
26
76
34
75
48
64
35
22
86
81
91
92
54
40
60
65
10
61
84
69
24
88
64
44
96
65
59
48
39
55
77
49
85
64
57
88
99
32
31
12
58
39
45
70
97
24
98
66
51
27
29
70
42
99
59
24
23
97
15
97
24
73
39
24
47
73
96
38
23
48
10
90
50
48
62
20
95
48
56
88
27
73
24
61
48
20
97
86
28
39
90
30
11
97
23
64
84
11
43
20
30
74
80
53
63
97
27
74
11
72
66
60
68
42
74
44
93
29
53
34
24
28
59
29
45
80
14
92
97
11
80
87
64
86
32
30
65
87
60
22
12
97
12
23
34
41
95
59
88
54
50
52
34
29
44
67
52
67
31
98
49
18
93
74
23
77
33
25
90
53
77
24
95
69
12
15
83
30
93
65
49
34
26
15
88
86
39
77
99
41
73
25
73
64
60
29
94
46
26
46
55
55
36
22
80
30
57
73
49
86
93
13
95
26
20
62
31
35
94
65
99
73
15
39
82
35
73
14
51
79
47
66
56
35
34
56
62
10
96
14
57
38
71
56
50
58
39
93
39
50
52
54
46
86
96
25
46
79
66
63
54
89
13
69
34
50
82
25
79
27
89
98
65
19
73
40
36
73
34
46
94
31
50
83
19
87
67
12
37
30
62
25
89
28
44
76
86
20
71
62
88
38
39
68
90
26
71
90
61
94
42
87
24
58
93
35
44
17
24
59
79
76
49
83
79
93
17
82
96
17
77
49
15
72
27
61
22
21
50
72
68
48
98
10
50
28
53
11
13
77
87
66
52
94
99
72
65
20
52
49
64
58
49
16
66
89
82
66
99
92
73
58
20
65
62
60
74
88
15
80
94
93
75
28
96
17
66
27
50
92
84
58
43
97
15
28
95
78
68
42
96
11
86
69
65
78
69
58
52
99
78
33
43
82
33
10
61
82
53
43
16
11
35
68
91
16
95
92
86
61
33
96
69
40
74
50
72
36
89
94
28
30
74
89
69
64
61
28
90
78
88
17
79
99
85
46
79
65
22
24
69
98
57
96
52
54
65
80
91
40
50
16
19
30
64
33
63
90
49
36
96
95
15
82
71
27
81
99
18
80
84
49
38
65
19
11
74
39
51
47
95
70
97
18
56
60
31
68
22
76
44
24
23
75
96
34
81
69
10
73
88
68
29
81
10
36
22
55
35
96
31
82
98
19
57
47
53
81
31
58
93
46
47
85
66
49
45
46
32
65
61
84
17
98
73
79
82
45
29
36
54
28
87
34
15
31
51
97
48
37
58
51
10
57
93
25
10
38
94
19
91
69
69
40
83
11
28
94
50
49
62
58
13
55
84
17
54
27
47
17
92
20
42
10
59
48
30
61
39
43
72
23
91
42
27
93
37
27
65
58
32
18
91
75
99
27
59
35
44
21
57
53
76
21
95
22
51
86
18
83
67
53
36
17
16
75
90
31
95
17
97
53
37
18
93
79
51
69
36
84
65
11
57
29
19
47
88
35
23
92
70
76
58
15
66
67
74
47
95
94
39
63
27
26
85
26
16
10
23
39
16
64
53
44
56
11
41
99
77
62
84
79
55
89
55
86
52
73
88
42
45
32
17
22
49
30
54
34
19
16
56
77
42
91
13
42
70
14
78
78
20
84
61
83
18
67
46
54
75
54
70
98
21
71
60
10
72
58
63
83
20
52
31
58
63
47
25
27
32
56
46
75
92
55
62
34
69
17
42
71
71
42
93
85
42
72
55
59
94
55
58
96
59
65
68
28
97
72
99
16
48
53
43
52
54
92
79
42
95
68
73
58
35
16
23
31
19
47
86
19
97
24
39
81
27
96
13
32
55
87
43
40
99
58
55
97
28
20
28
91
65
98
21
34
82
92
52
80
94
15
27
64
58
95
34
20
30
34
92
31
30
60
63
13
33
88
76
91
31
46
51
40
46
20
31
11
14
28
10
91
52
26
31
66
20
92
76
34
71
63
74
89
41
72
95
87
72
81
32
26
18
99
31
51
86
22
72
57
50
89
60
18
82
54
98
84
22
64
97
50
79
97
72
49
92
96
