# 16019255	Angeline Kurnia
12
31
27
82
40
89
99
97
53
81
36
63
40
23
35
54
83
12
31
69
62
27
91
30
14
34
70
39
84
82
90
65
26
56
99
15
64
81
50
29
63
70
69
15
26
85
18
33
91
61
61
89
26
66
22
49
93
42
29
69
41
45
26
26
46
52
89
87
73
79
30
91
29
57
50
43
88
37
36
91
59
34
37
72
87
99
94
27
15
64
82
69
37
70
19
45
65
93
83
61
55
87
34
47
87
86
37
45
59
91
34
43
61
12
39
52
33
33
96
83
73
46
20
86
46
50
36
59
22
71
60
68
13
30
73
82
69
74
84
67
99
48
79
24
29
92
75
72
50
90
22
80
10
85
29
55
55
27
68
66
84
54
43
56
12
97
44
68
30
24
50
16
51
27
43
40
29
88
54
57
86
70
60
52
79
66
11
75
17
65
98
33
95
81
89
95
48
97
16
27
47
43
27
66
83
74
48
95
90
41
84
36
65
28
84
28
53
40
76
57
23
95
63
27
92
84
44
78
40
76
13
63
77
93
49
33
60
56
64
49
32
88
72
19
66
68
50
82
73
44
60
92
71
77
48
49
16
82
46
45
59
94
42
68
58
78
20
57
59
35
39
82
69
77
66
88
20
31
60
14
95
73
38
42
18
59
82
75
62
85
95
81
55
72
76
12
48
47
67
75
74
76
63
40
29
25
43
42
68
48
92
44
39
26
50
17
84
24
16
70
93
91
41
20
83
85
44
42
98
18
96
51
30
69
56
74
51
28
43
84
39
15
14
84
28
95
59
19
71
18
35
77
31
32
39
34
70
73
94
11
55
75
54
89
27
79
18
89
92
43
75
15
21
55
91
86
46
37
51
60
76
24
50
78
32
17
93
67
30
78
87
82
71
54
48
95
81
40
92
62
98
83
25
85
24
69
93
97
43
80
71
99
83
43
82
71
48
13
48
57
95
59
99
42
58
63
50
21
91
11
80
15
18
56
76
57
29
32
98
84
23
24
78
94
79
10
58
16
90
91
12
10
47
85
61
48
42
62
73
51
61
60
39
57
36
65
70
46
37
45
72
16
30
56
91
20
41
83
51
36
92
46
34
81
10
74
79
32
45
36
29
13
89
59
72
50
69
44
37
10
89
50
92
13
16
57
33
54
92
77
84
42
62
37
89
36
56
69
61
89
49
76
60
58
27
77
81
99
88
22
35
63
16
51
18
24
61
77
54
25
75
46
70
82
66
18
43
32
40
51
64
82
88
85
87
72
26
93
32
28
91
44
51
99
36
22
38
98
10
88
53
18
74
27
49
11
19
97
32
88
70
79
92
80
40
35
39
65
15
45
91
17
98
72
90
84
44
11
49
30
50
89
99
19
69
71
19
24
98
16
36
93
63
37
14
12
96
14
77
21
81
65
70
66
58
48
14
91
23
55
43
25
53
65
33
36
72
18
52
52
41
39
31
56
64
47
16
92
95
98
84
26
87
21
49
10
23
76
65
76
70
61
90
28
99
91
32
14
13
74
23
74
21
24
78
48
96
76
23
20
24
94
75
96
20
42
29
89
40
68
67
23
82
83
42
77
78
43
99
46
80
90
61
13
25
73
45
48
42
65
24
74
82
99
23
71
55
75
78
90
59
93
54
90
91
82
47
82
20
60
38
17
13
21
76
58
85
43
19
66
88
26
37
54
50
79
28
74
23
16
84
26
86
67
28
27
64
34
41
28
52
23
51
89
90
97
29
86
23
94
68
74
59
39
14
91
75
23
45
13
57
81
86
86
46
76
50
19
93
40
25
88
11
75
37
18
23
16
98
95
42
21
72
39
49
94
19
63
74
54
37
68
71
30
49
62
43
97
89
45
26
53
81
56
92
35
98
26
76
19
22
84
44
65
55
24
77
97
60
25
26
28
45
25
19
71
57
13
69
45
70
27
13
87
71
36
58
52
29
30
19
58
21
30
29
92
99
47
94
28
81
34
16
17
35
87
86
42
20
85
22
18
70
19
16
23
80
31
12
26
14
21
65
12
25
43
61
10
35
52
72
22
80
80
84
94
36
14
33
73
57
29
66
59
74
81
42
18
27
63
75
84
52
16
49
31
66
97
85
35
96
31
12
39
92
52
38
74
63
93
84
91
52
70
83
98
50
78
20
54
19
18
69
55
83
80
91
16
68
76
76
36
37
94
77
27
72
41
70
15
76
75
56
60
26
81
92
71
24
95
69
54
81
19
66
91
47
76
98
55
47
16
10
54
96
96
53
94
49
43
