# 16019365	Salsabila Mardhiyah
37
48
75
91
29
79
18
97
43
71
73
68
10
29
91
77
24
61
27
46
41
76
69
19
73
95
56
96
38
88
22
79
10
67
40
81
29
51
60
85
49
32
66
24
14
73
81
19
86
54
22
69
45
84
85
98
44
54
64
92
95
26
93
90
24
30
25
28
58
31
67
22
26
33
16
22
84
71
57
67
70
88
40
79
64
89
33
35
56
80
38
99
28
29
10
18
59
10
83
66
32
33
72
61
15
28
98
27
25
81
38
85
58
90
90
43
49
99
82
74
60
52
96
23
37
52
62
75
67
75
99
58
87
68
19
58
97
91
71
52
85
78
47
78
66
21
85
44
42
72
19
34
59
45
41
43
63
48
47
56
16
42
38
29
51
80
46
86
54
59
18
63
20
16
64
57
39
66
41
46
97
99
49
44
98
49
37
96
82
38
67
57
85
58
67
32
71
92
63
76
80
13
27
25
34
97
29
43
98
58
32
18
97
72
55
89
64
50
62
69
73
97
41
32
36
53
20
17
57
24
61
13
87
24
27
32
77
86
32
60
88
10
77
29
41
56
74
86
29
43
46
22
76
65
26
52
42
71
53
76
73
69
70
63
26
44
59
53
13
38
63
19
57
91
60
65
77
62
91
20
49
87
16
37
17
88
40
40
89
27
42
66
53
25
69
77
94
96
25
91
70
64
81
84
40
95
79
36
64
11
84
82
10
60
73
16
19
40
16
97
38
59
53
50
52
86
22
29
39
32
73
76
63
61
97
16
11
36
83
85
36
62
26
60
35
75
61
96
90
59
69
29
88
86
38
42
64
76
74
40
48
53
94
95
71
71
30
66
49
86
60
98
63
97
29
95
24
75
12
62
16
24
22
75
76
70
37
74
11
25
12
21
60
75
55
92
45
83
31
32
40
50
91
88
18
40
56
22
27
89
17
52
27
75
19
90
22
51
22
16
64
42
44
70
54
41
27
21
68
67
65
24
65
16
96
38
32
16
46
77
26
84
93
57
92
85
66
97
45
90
50
36
89
71
46
84
99
64
21
11
20
21
13
96
86
13
29
41
93
11
54
23
69
60
85
95
87
92
12
14
53
29
52
89
27
84
30
31
25
24
23
35
98
66
26
72
23
88
86
92
42
48
75
10
25
64
12
17
98
50
66
61
98
21
66
20
64
76
61
88
84
82
15
99
91
16
19
51
13
68
98
91
76
10
28
76
64
62
51
77
43
27
21
11
79
40
19
92
72
62
98
65
42
14
92
41
16
93
60
53
50
69
35
91
58
44
91
69
91
59
55
98
28
84
26
13
10
43
61
54
64
99
78
81
38
66
99
57
41
61
86
16
46
31
35
40
50
53
94
54
84
24
84
41
84
85
40
40
81
73
76
31
89
40
98
84
77
62
62
17
95
57
36
38
20
86
11
38
84
97
59
35
82
76
79
74
46
77
69
89
14
89
66
92
88
51
88
48
79
70
58
28
41
18
97
19
44
23
57
19
57
18
96
62
72
24
57
17
32
19
24
96
27
26
43
43
80
16
82
20
38
76
12
68
38
38
63
17
76
71
46
42
46
47
43
46
94
94
94
90
47
59
66
45
87
95
10
84
63
28
20
36
84
67
73
48
48
43
68
99
42
88
52
67
77
41
51
71
60
67
86
58
93
13
38
20
89
98
98
80
55
72
57
34
40
30
90
51
74
67
74
52
69
81
17
64
64
73
34
96
57
11
32
38
14
32
24
16
55
56
19
16
38
54
58
55
31
24
77
38
49
86
93
80
26
71
52
46
83
91
46
11
15
34
70
13
79
74
61
31
50
92
13
95
52
27
95
99
60
93
99
53
33
37
18
15
57
25
22
57
82
54
55
30
40
16
40
42
50
23
28
36
14
30
94
79
27
63
15
65
15
12
17
60
99
60
39
49
74
34
22
89
79
44
25
86
14
95
49
38
61
94
89
38
22
82
99
61
85
30
52
26
76
65
21
91
42
93
13
26
83
69
12
64
63
36
77
89
87
25
18
97
61
79
95
68
72
20
89
77
20
72
55
29
17
47
72
80
94
96
86
68
76
23
86
57
39
44
60
33
41
66
60
12
91
99
39
34
44
62
67
81
48
19
76
44
59
54
20
12
99
42
67
45
24
54
42
91
42
90
85
52
94
72
48
24
10
86
48
77
37
53
98
84
29
63
15
60
87
98
92
69
65
83
73
10
14
49
34
96
19
65
45
51
67
39
68
55
18
86
49
14
42
36
84
76
54
40
63
50
