# 16019235	Anang Nugraha Jiun
12
94
77
25
85
14
15
21
21
21
55
45
59
34
80
24
87
81
25
35
10
29
46
33
47
52
63
64
79
73
24
34
66
17
46
14
55
78
41
81
25
92
59
56
83
37
98
27
91
49
71
19
10
16
36
70
46
68
69
37
90
89
80
62
98
35
72
29
63
26
96
71
73
99
67
74
16
34
31
81
24
15
69
48
16
48
92
17
36
17
54
89
52
85
97
94
92
94
91
98
83
52
74
84
35
83
30
13
74
57
99
30
84
48
71
73
15
64
75
15
43
29
28
67
35
52
62
33
67
91
37
47
43
75
68
75
55
49
21
14
28
27
39
94
49
71
27
23
61
63
64
76
74
96
84
98
42
81
49
59
67
45
24
26
87
41
62
15
46
84
61
93
69
48
87
95
99
59
95
95
90
72
12
20
65
63
57
77
93
88
60
31
11
77
92
24
91
86
30
91
61
12
79
40
63
71
45
55
41
37
23
33
17
87
15
30
16
49
15
26
55
43
58
59
31
28
85
15
13
98
82
72
61
96
52
98
93
52
65
43
48
43
76
36
50
36
47
73
89
22
77
72
78
56
15
50
64
90
93
80
88
71
90
45
16
48
82
69
99
67
80
59
76
79
23
55
73
75
55
46
71
99
34
67
75
35
39
25
72
36
95
69
58
41
20
65
89
69
51
94
87
30
85
56
28
51
65
13
60
32
91
58
61
66
88
81
46
80
13
99
71
45
83
22
68
29
18
32
28
66
92
14
51
59
28
71
39
94
38
16
69
41
11
93
76
90
85
34
23
44
28
60
97
12
19
53
69
86
69
99
13
76
58
58
48
75
74
96
23
83
86
67
62
42
77
18
80
46
98
37
12
40
56
42
73
24
59
59
24
18
74
25
82
59
24
21
17
69
55
70
92
16
93
46
51
78
39
70
34
88
18
25
28
17
13
22
20
98
40
47
33
25
53
76
84
98
58
76
17
77
17
69
59
12
40
87
56
96
28
83
49
61
78
88
80
15
63
94
76
44
61
84
68
43
93
40
75
65
36
13
45
40
58
76
71
68
52
50
45
28
31
38
39
84
37
79
14
18
60
54
95
41
38
85
50
51
66
85
63
58
82
76
71
91
31
14
97
45
80
44
93
64
86
26
30
87
37
55
60
45
39
74
54
38
88
32
15
33
20
34
33
97
65
15
66
78
32
27
21
56
14
93
85
45
16
55
56
39
65
94
90
33
52
17
76
71
98
40
33
24
69
77
74
89
46
74
52
56
43
80
25
50
46
66
78
41
61
93
63
75
73
54
50
16
41
30
15
97
60
71
90
78
20
11
65
26
29
80
84
19
85
54
48
73
68
11
58
33
26
17
26
70
98
31
10
62
54
69
79
22
88
85
91
84
14
42
73
39
39
91
13
45
89
18
42
59
35
13
22
57
73
88
16
51
31
81
13
25
13
10
49
40
10
67
93
48
22
48
93
68
41
65
13
47
91
49
14
88
89
34
51
79
75
70
41
89
96
36
72
92
98
37
85
92
12
58
61
37
63
20
57
18
94
13
23
43
40
83
94
73
79
50
24
85
34
48
41
62
70
74
89
12
91
40
43
97
48
42
71
46
78
62
77
45
47
44
44
57
78
29
84
51
62
94
33
12
56
43
53
30
29
33
59
60
69
97
28
62
78
77
62
26
33
55
75
63
90
52
84
84
94
36
62
15
90
89
22
84
36
98
23
25
88
84
72
52
78
31
96
89
69
98
32
15
36
73
23
61
22
13
43
55
73
53
91
51
77
46
85
59
92
77
54
81
84
66
25
35
65
91
79
30
86
60
64
18
51
15
86
10
28
63
60
16
96
62
67
99
47
75
26
76
84
28
45
49
70
53
30
42
36
71
24
78
42
90
20
80
23
78
86
81
61
83
65
31
45
93
22
27
57
32
86
92
27
85
25
51
68
90
89
46
55
75
22
70
86
49
78
46
80
23
50
59
92
39
81
76
45
79
44
64
73
98
60
33
15
68
56
33
66
71
81
53
12
28
78
54
43
88
79
73
11
51
83
75
56
31
57
72
23
45
72
54
91
81
90
27
96
87
14
87
36
66
38
25
54
72
42
71
15
57
92
98
35
69
62
21
45
19
55
54
14
54
49
77
99
72
43
13
78
29
41
40
68
21
21
82
36
92
58
75
74
71
22
18
66
30
19
65
29
71
99
44
22
90
35
17
81
63
43
53
42
86
57
29
60
51
82
90
66
84
54
97
61
40
61
37
28
51
