# 16019430	Riyan Martin Hidayat
87
35
14
94
63
26
89
21
15
95
25
14
49
41
93
33
29
73
42
91
42
45
70
46
34
59
79
92
42
34
77
62
35
39
90
24
45
92
31
20
38
60
34
13
21
26
23
55
42
90
40
44
87
68
85
46
50
29
11
18
95
27
48
70
79
86
37
97
28
73
24
71
70
58
42
55
66
66
44
60
73
52
26
71
68
24
78
59
35
26
52
20
27
67
52
61
73
18
67
47
60
92
23
77
95
18
95
29
60
17
95
44
71
42
17
64
67
87
52
32
34
35
29
89
17
54
84
52
32
88
58
14
17
82
79
35
34
34
24
40
49
26
59
97
95
88
61
67
82
34
19
29
22
89
11
54
60
47
37
89
61
34
71
65
99
75
70
83
92
99
29
24
37
28
35
48
78
78
50
68
89
67
14
19
28
43
12
15
13
66
54
25
51
69
52
55
95
18
44
22
74
51
58
45
59
18
59
92
14
99
97
77
82
20
99
42
85
27
47
92
85
57
81
51
66
65
75
50
89
95
13
30
70
80
62
86
80
83
28
67
72
56
28
82
98
67
58
91
74
88
89
35
25
84
43
68
33
50
64
28
36
43
63
90
68
58
31
35
71
76
59
32
92
56
62
81
14
66
15
57
87
64
29
93
90
26
12
19
36
91
20
59
60
50
25
63
11
86
17
76
91
55
67
99
46
76
43
30
54
71
14
52
18
44
17
50
46
17
60
31
11
19
17
44
11
77
24
83
57
16
37
50
20
30
52
50
83
68
17
27
78
91
39
10
89
86
60
76
84
24
87
87
23
30
66
19
79
54
47
95
96
51
82
51
31
83
51
55
43
55
39
85
67
13
79
77
86
89
50
35
30
64
54
91
97
33
50
45
11
36
93
57
46
97
12
74
92
79
46
72
76
58
42
92
63
86
26
15
37
89
66
66
57
83
10
66
13
58
41
35
75
91
69
48
95
17
71
78
57
85
93
86
59
14
82
94
92
96
21
98
92
50
68
11
54
70
10
95
76
80
41
68
88
34
22
39
80
95
45
80
20
97
62
11
86
62
96
37
76
58
29
86
22
29
77
62
92
14
70
78
33
80
30
64
75
75
93
17
50
51
35
60
27
30
76
80
20
24
86
53
57
25
43
23
49
86
62
78
56
74
58
75
40
82
67
54
18
72
17
11
13
57
85
35
38
18
80
84
22
17
83
45
17
29
53
48
29
96
38
83
22
58
25
68
60
96
65
52
51
13
87
16
99
42
22
96
48
41
34
33
58
72
41
75
50
65
41
93
55
93
40
26
70
24
23
18
42
23
39
81
96
73
46
62
34
81
40
84
38
30
23
74
85
11
87
81
39
54
24
66
71
22
16
45
58
17
57
46
53
22
67
20
48
49
74
38
69
58
10
36
98
38
45
86
59
26
71
41
16
87
56
92
15
96
98
12
57
64
58
88
60
87
26
21
54
90
96
86
68
78
27
51
95
71
45
76
87
92
10
26
25
57
65
58
94
43
98
54
94
95
63
30
38
88
40
28
82
24
92
58
47
68
46
73
36
81
75
28
34
51
16
77
24
57
88
42
74
99
37
76
11
74
94
61
11
45
53
16
92
43
33
95
46
44
31
74
33
41
14
60
85
69
33
92
56
98
55
32
64
38
29
90
73
62
38
13
18
24
74
19
93
98
19
84
16
23
22
60
47
42
70
51
53
36
69
76
53
14
14
23
68
56
81
33
71
15
94
22
54
97
45
44
57
20
19
26
51
46
63
93
83
30
63
60
15
42
27
51
95
98
86
55
66
48
50
52
20
41
36
22
45
88
26
18
79
36
90
40
31
51
27
74
46
49
87
66
68
15
52
38
91
43
76
78
87
22
97
22
36
80
39
20
28
84
74
51
63
58
30
88
20
84
21
98
38
23
12
56
51
98
37
88
10
32
58
14
65
19
88
14
84
92
60
97
36
63
60
46
32
50
74
12
15
39
13
44
49
83
84
81
23
91
46
84
84
63
29
74
27
69
57
61
56
44
51
96
17
72
60
42
64
19
57
38
38
97
64
40
84
50
11
25
37
43
65
28
85
64
67
10
59
55
22
48
45
65
19
16
75
76
29
32
88
71
82
20
78
20
24
58
11
40
34
19
81
21
31
34
51
64
43
94
47
76
16
87
28
99
14
73
48
30
71
93
69
29
60
41
62
34
89
28
14
53
99
10
50
90
47
18
18
78
24
16
73
82
99
19
95
57
25
47
72
89
66
31
65
23
86
15
