# 16019320	Alliya Fathya Putri Alamsyah
99
60
64
47
95
14
20
94
66
38
81
40
30
52
89
23
24
31
16
46
94
75
34
69
53
16
57
15
91
62
15
21
97
83
15
65
89
44
90
12
67
14
99
19
39
26
94
35
50
12
21
73
22
79
14
36
19
19
57
63
87
24
90
33
77
99
48
83
96
90
87
76
21
19
92
84
36
93
22
86
45
26
11
36
49
67
77
37
48
26
96
75
17
18
50
40
58
31
13
46
76
91
11
20
66
55
96
60
41
98
81
58
14
79
95
37
42
46
44
34
67
92
49
73
25
89
17
40
48
79
22
75
72
50
40
67
86
48
16
32
85
41
62
17
91
49
84
54
22
66
39
21
41
48
72
91
85
43
28
54
91
91
65
28
59
48
65
98
78
18
59
48
24
96
31
50
26
76
91
77
27
79
38
44
28
16
12
34
55
31
64
38
61
35
58
78
17
63
75
45
83
43
16
52
70
35
31
44
47
73
33
46
91
86
13
84
80
37
93
98
69
83
27
65
32
90
10
11
80
17
77
91
16
38
55
29
50
64
53
84
46
53
24
48
77
31
84
60
83
91
98
90
18
87
26
80
76
72
41
82
85
63
39
57
31
33
29
70
70
32
63
40
59
83
21
69
13
74
17
62
45
34
74
91
68
90
17
42
10
53
41
37
16
97
89
91
12
93
84
75
98
20
92
96
34
69
26
97
96
48
32
60
66
26
72
23
38
18
78
48
15
19
20
75
23
48
41
85
21
52
37
39
20
53
81
33
64
29
79
27
76
33
96
88
11
34
63
80
26
86
44
23
70
77
11
14
63
11
74
53
12
17
32
24
42
67
60
55
71
40
61
41
16
10
10
15
59
61
41
87
43
97
53
52
97
80
21
12
25
97
54
67
99
56
45
47
35
42
36
48
17
16
28
42
66
22
91
49
26
38
50
49
72
52
71
62
12
70
25
52
44
29
26
99
51
93
83
25
77
18
41
97
55
37
18
83
26
51
62
64
55
17
28
35
46
24
49
98
31
59
25
18
78
76
87
37
93
48
85
75
10
30
17
61
88
92
97
87
98
72
70
82
53
69
23
16
36
48
89
65
79
37
17
70
71
95
53
44
70
78
25
21
54
31
54
23
39
52
17
28
81
71
75
98
90
28
60
42
30
79
88
92
41
24
67
15
43
91
96
37
65
18
27
65
51
80
64
11
67
63
88
44
93
47
14
91
84
87
72
94
75
51
11
26
29
42
63
68
40
45
47
92
13
14
75
55
73
18
71
82
13
41
35
92
26
82
65
97
71
67
67
52
93
72
32
49
46
32
27
92
27
10
85
72
38
44
11
42
66
88
43
18
68
48
55
80
65
79
50
21
70
97
35
74
74
48
51
51
31
28
13
83
36
23
25
99
16
11
21
12
35
41
83
36
80
83
85
32
99
61
30
28
53
75
75
39
94
64
51
68
90
53
11
89
68
30
64
30
67
57
57
56
80
34
34
75
79
78
59
30
28
70
88
84
49
87
34
59
49
35
36
60
27
63
39
21
78
61
23
16
79
25
73
56
73
95
80
14
55
12
75
38
79
39
77
11
26
35
83
47
30
57
57
84
34
35
30
50
82
85
42
50
20
30
57
63
93
56
40
75
93
59
10
90
27
54
79
85
11
56
40
78
55
24
18
24
28
29
83
67
51
17
84
17
16
15
28
68
78
17
21
56
16
16
76
48
69
61
43
11
21
35
83
91
96
97
16
88
95
30
36
23
69
85
36
89
19
39
50
40
65
24
42
99
19
94
31
56
94
50
90
36
39
34
92
94
53
74
86
64
28
19
41
10
40
24
48
54
27
26
92
37
21
97
70
93
12
79
18
86
97
29
55
79
66
41
47
44
57
19
82
67
41
89
24
14
96
51
86
42
68
62
82
33
58
74
43
78
42
46
50
58
69
62
67
64
36
72
38
45
37
36
83
70
88
38
73
63
28
39
84
77
76
30
55
54
91
16
80
39
12
19
80
82
23
84
34
51
82
33
61
19
77
19
94
99
94
70
10
28
53
88
24
78
56
57
45
67
24
12
39
90
70
91
76
93
80
68
40
63
65
31
73
15
78
87
54
59
70
41
15
49
87
63
23
97
25
79
32
88
58
83
77
40
18
87
16
34
25
74
55
66
35
85
26
98
31
32
70
21
86
28
45
19
49
73
41
83
32
42
89
54
55
38
89
45
77
57
26
78
98
68
90
18
69
32
70
28
78
96
12
35
69
33
37
12
56
92
72
13
