# 16019370	Hanz Hamzah Kusumah
41
47
15
20
22
42
83
70
33
84
12
40
23
36
22
73
96
14
45
95
62
45
34
70
69
81
58
57
23
77
43
11
91
88
60
58
32
32
88
53
55
54
87
23
80
23
74
46
79
80
12
52
87
36
82
49
43
37
65
66
74
69
21
55
15
27
95
49
15
16
10
92
62
31
54
39
48
59
44
46
51
82
87
52
66
20
54
14
31
63
80
15
75
31
47
29
46
46
68
46
16
95
75
15
28
11
93
24
45
74
74
38
91
74
73
29
73
32
43
57
52
85
90
11
14
73
67
82
61
16
67
44
66
80
86
52
90
13
82
43
97
53
93
14
12
51
31
28
89
54
91
43
30
78
56
80
21
68
99
68
33
17
51
64
75
90
62
66
48
57
48
97
47
24
47
94
47
89
63
81
88
37
31
76
36
89
91
48
23
13
60
37
22
83
73
11
15
78
98
86
61
10
58
90
22
10
57
57
82
12
59
49
76
47
43
51
86
81
13
92
97
92
29
45
30
90
86
78
67
23
26
21
26
30
60
70
88
94
49
34
81
31
18
81
97
44
56
55
63
78
98
13
99
65
89
31
98
76
89
22
49
47
71
80
11
83
37
81
66
25
91
35
33
45
44
42
12
94
70
17
47
53
32
75
49
57
61
15
84
25
31
18
66
70
25
86
22
32
33
24
76
24
88
41
76
21
78
21
56
27
19
96
62
41
28
60
93
24
60
94
15
84
73
93
65
82
80
91
31
29
31
55
78
42
29
58
20
15
87
80
68
31
20
39
59
41
21
93
59
89
12
21
99
88
94
61
24
41
27
97
99
54
78
53
30
24
25
53
78
95
13
92
53
88
29
33
32
37
50
68
65
77
31
85
93
37
78
75
39
12
91
79
96
68
98
21
15
79
19
41
69
32
81
23
55
34
91
76
76
98
52
51
95
99
92
56
71
38
41
68
90
37
44
42
43
27
45
24
84
51
61
45
25
33
84
91
51
29
58
61
62
42
44
44
91
34
35
60
18
76
87
99
96
21
66
62
82
27
91
33
54
80
24
94
57
47
78
67
97
19
98
63
72
10
36
77
94
34
74
59
78
21
66
61
63
32
38
32
62
96
70
48
55
21
35
15
34
33
28
18
83
33
35
75
68
10
69
19
20
52
82
71
56
14
52
79
24
63
37
24
57
85
33
66
63
99
57
79
42
70
46
42
98
88
70
16
39
38
70
41
78
47
31
65
83
79
97
19
32
50
58
44
51
96
90
97
83
44
67
49
67
83
80
26
33
67
95
90
13
15
66
14
18
37
67
99
42
73
78
48
73
46
54
87
19
44
65
30
10
91
49
17
84
63
88
22
17
85
40
50
54
40
90
70
78
50
56
93
13
77
81
83
64
18
73
40
64
48
54
32
90
11
48
96
65
35
87
32
79
36
39
83
73
35
80
68
63
87
31
98
11
33
85
14
26
43
13
43
65
41
67
55
88
76
85
55
32
74
98
45
35
37
34
54
27
66
26
76
15
52
94
90
54
95
79
55
89
64
11
10
51
89
93
12
44
74
46
13
49
43
64
44
17
58
42
84
86
58
51
17
91
77
45
13
99
30
96
15
20
52
66
54
15
68
21
73
46
99
64
79
58
27
85
39
26
99
62
97
31
94
50
76
53
92
15
15
81
95
76
36
31
28
13
55
68
39
43
59
12
74
18
98
56
20
69
23
82
98
48
34
26
23
73
38
89
74
88
99
75
45
29
98
12
44
41
43
47
24
50
54
65
55
51
77
87
55
56
94
57
12
91
64
54
20
97
46
34
23
47
43
12
50
66
60
23
76
61
56
72
21
48
61
66
87
76
38
77
41
52
80
71
20
28
13
44
84
14
20
74
48
91
37
76
26
56
24
50
84
67
73
46
17
76
19
69
69
61
33
41
24
29
75
27
26
26
63
22
51
25
34
70
47
68
41
53
60
21
55
18
70
27
88
28
64
53
58
27
60
36
11
59
62
17
60
91
83
46
58
80
85
89
52
97
83
10
39
17
87
82
68
37
36
39
69
64
53
60
85
66
37
16
11
54
87
87
65
22
13
33
45
27
93
40
88
41
60
66
67
75
31
71
96
85
56
72
20
28
55
74
68
14
86
61
18
47
72
24
79
21
17
84
86
41
15
58
60
83
27
56
52
37
77
58
20
60
12
54
98
29
49
56
94
88
95
90
98
30
69
79
25
69
11
37
88
22
37
48
42
29
24
74
50
57
75
22
18
35
95
83
15
