# 16019155	Bisma Ridho Pambudi
65
83
45
84
39
97
19
66
36
55
94
17
76
47
14
60
50
15
47
54
84
84
79
13
49
61
17
79
67
30
30
21
39
37
57
13
57
69
56
71
57
94
51
58
66
47
55
78
64
47
51
14
39
60
96
96
42
45
62
67
48
34
41
25
40
35
24
95
84
66
40
49
84
96
26
32
10
20
46
84
40
95
49
43
84
35
58
45
74
30
36
28
67
70
11
83
30
52
32
59
64
30
28
23
92
26
67
52
71
40
55
19
95
95
90
15
88
78
84
13
65
46
47
94
61
19
86
88
37
98
30
94
92
45
75
52
73
31
18
79
15
86
73
34
47
88
80
21
83
81
32
49
29
56
68
25
70
99
60
89
96
58
61
98
29
98
60
13
24
17
87
67
65
54
33
18
57
20
89
81
80
50
53
49
88
44
24
10
99
53
54
45
25
51
34
98
75
42
16
41
71
96
23
37
81
24
64
72
54
93
85
38
83
75
99
31
78
84
19
72
17
77
85
32
59
27
32
92
38
74
87
76
59
80
34
12
99
37
92
85
29
54
35
45
46
48
50
60
78
72
92
76
20
79
16
67
56
63
10
47
99
47
54
21
32
47
28
94
26
19
25
38
68
99
53
88
76
39
25
93
90
17
16
50
63
83
42
28
82
84
42
10
33
23
83
57
52
41
84
88
96
51
17
96
46
58
37
87
95
50
87
53
81
29
48
11
88
31
69
42
95
84
80
24
27
72
65
70
12
53
65
75
74
82
97
20
51
75
43
36
68
83
60
77
24
70
70
48
99
95
88
74
60
37
18
13
61
41
94
15
95
32
19
45
96
41
75
79
53
46
45
46
35
31
23
84
84
84
58
77
29
16
89
16
88
29
24
35
95
62
75
63
83
78
50
73
69
31
31
59
92
52
86
43
77
27
89
10
11
54
60
10
69
12
33
33
85
91
62
40
44
65
73
20
81
68
53
81
34
23
24
44
73
16
44
41
49
94
15
73
38
61
99
61
33
63
55
43
64
45
93
58
30
49
60
57
94
35
45
55
14
77
80
73
51
66
89
35
92
59
54
65
17
60
36
58
52
49
25
11
60
77
99
44
92
56
58
26
29
80
48
30
73
94
83
66
76
20
36
15
44
78
97
41
29
87
70
80
42
67
14
78
77
99
28
20
27
77
37
44
14
77
52
97
80
59
94
70
38
59
71
14
31
95
89
33
90
72
21
27
89
17
89
47
77
55
76
10
34
27
96
16
30
47
56
73
68
19
64
24
86
20
38
60
93
37
77
90
14
41
76
73
78
94
86
48
78
33
32
78
80
11
51
88
68
13
75
80
70
93
94
20
28
88
68
15
16
29
16
77
46
32
20
47
24
97
14
69
99
61
66
76
27
96
83
12
23
15
41
48
79
95
54
78
82
14
42
30
34
60
52
60
86
75
59
50
74
69
17
54
72
32
40
44
16
54
32
80
42
89
80
65
55
14
67
50
43
14
88
93
27
23
92
62
19
72
96
72
31
13
22
63
45
33
39
80
25
66
43
22
95
74
10
70
43
57
62
77
61
65
39
51
23
21
67
22
14
95
55
68
14
11
73
39
56
17
31
79
25
53
88
11
67
58
70
12
88
96
20
85
58
54
62
18
17
86
48
46
20
83
76
92
37
26
35
30
19
41
28
48
43
51
57
75
78
70
12
42
27
26
13
54
22
58
75
26
28
32
21
35
99
95
94
56
36
46
13
34
15
12
28
40
86
23
33
11
93
88
87
22
38
83
67
90
71
60
10
21
42
94
61
99
94
19
57
92
80
72
88
85
46
75
19
49
85
64
85
29
46
13
22
43
67
88
27
51
41
88
84
10
38
46
26
30
72
29
18
64
88
45
37
57
84
68
83
47
61
28
80
71
26
66
36
64
96
66
64
87
40
58
28
73
83
23
68
29
14
81
87
61
88
89
30
64
40
92
37
52
71
85
90
59
60
10
43
42
96
30
77
44
84
85
84
18
80
75
44
33
78
70
40
86
55
50
73
40
71
91
92
67
23
85
12
50
57
90
30
85
97
22
14
34
31
44
97
77
93
17
93
57
85
99
16
26
21
60
97
90
66
90
52
74
55
31
32
15
44
63
28
31
30
46
31
86
98
28
64
19
23
14
58
21
56
38
55
60
22
72
56
17
74
28
12
23
14
82
98
47
76
24
51
83
32
94
51
44
81
11
11
97
85
98
47
63
25
57
61
92
64
44
48
41
90
57
76
61
64
38
78
70
