# 16019030	Vita Immamatul Khikmah
14
49
41
40
67
77
61
83
21
61
89
41
65
65
53
47
86
80
74
76
68
79
62
48
11
81
49
39
61
81
39
10
56
41
62
53
96
44
59
18
36
69
79
36
35
19
98
50
32
38
16
87
73
42
75
78
96
61
65
49
37
43
56
76
22
59
31
62
83
49
73
62
65
91
86
69
37
73
76
48
69
93
74
22
10
10
20
23
59
21
98
54
87
35
57
42
21
43
18
26
32
89
80
93
80
42
39
78
26
96
69
41
78
12
98
78
68
25
75
80
30
93
12
73
29
62
40
41
89
28
37
98
83
85
49
12
95
21
70
88
86
17
22
83
63
73
97
96
43
58
73
22
38
31
17
30
47
47
56
92
80
55
44
40
56
89
20
90
16
22
79
33
65
86
19
80
46
60
28
95
98
86
35
32
32
45
68
67
90
18
19
28
40
40
74
88
15
66
14
69
18
49
21
11
97
10
49
24
86
67
10
65
19
80
24
31
67
43
67
71
91
58
35
56
15
44
31
84
45
39
73
69
75
15
18
15
98
98
77
29
61
83
56
18
32
31
42
34
34
20
81
44
25
89
67
44
65
33
12
49
33
56
29
37
62
23
98
89
16
84
34
85
52
79
45
66
40
36
86
34
21
47
45
89
17
42
42
96
97
11
76
91
18
93
17
72
72
84
62
13
72
93
77
45
12
46
49
22
18
22
42
86
70
65
73
42
12
25
70
94
73
85
78
29
15
81
55
56
27
97
33
41
88
39
89
63
91
52
41
38
64
95
45
33
49
58
77
75
46
61
90
95
10
40
56
76
59
55
62
26
43
81
11
15
42
12
72
53
79
74
97
49
41
26
71
51
53
22
55
78
98
87
71
88
66
49
96
31
26
50
57
69
46
62
74
63
92
32
68
43
30
37
32
47
49
94
20
96
96
85
48
11
13
14
63
65
28
51
84
56
10
37
90
51
45
69
63
48
63
95
22
47
21
36
10
43
73
45
51
22
92
87
66
67
84
83
81
57
67
15
54
11
37
16
58
89
80
55
25
72
12
40
41
13
98
60
76
63
13
74
13
21
54
31
30
97
34
23
33
20
69
89
57
34
61
26
73
83
34
91
92
60
52
44
42
93
88
79
13
13
31
66
75
36
72
17
10
16
79
53
91
90
73
70
51
33
36
18
10
83
26
45
32
70
35
19
57
42
84
95
90
11
23
84
99
96
89
17
46
87
58
93
68
45
40
23
11
25
25
42
46
49
16
32
90
97
75
29
50
82
32
34
30
72
41
56
19
59
70
94
46
99
38
31
37
56
37
58
24
36
68
14
92
98
31
84
17
94
91
73
31
10
77
22
82
98
23
80
14
45
62
10
48
25
34
98
10
40
13
56
43
12
83
78
94
43
44
65
92
30
67
41
22
47
52
55
69
58
43
46
42
74
60
32
74
77
46
37
94
38
68
30
40
20
80
18
56
69
83
16
16
43
12
47
85
68
52
73
28
23
46
91
82
41
21
33
80
17
72
88
70
80
99
13
94
87
83
92
35
22
69
14
64
46
62
11
43
53
48
56
54
50
38
94
61
58
16
70
94
82
93
37
56
36
32
59
96
72
86
57
73
90
30
44
32
39
15
73
81
59
14
46
11
83
52
81
18
76
87
84
12
78
77
94
38
56
96
43
24
59
31
88
42
77
17
34
34
76
55
98
73
83
99
65
37
86
72
44
25
64
30
35
92
96
52
50
30
81
26
52
95
36
28
49
18
36
99
73
48
17
67
14
32
70
83
40
31
22
84
31
94
65
95
68
29
45
63
22
71
40
13
87
83
17
69
16
52
52
62
97
97
77
75
85
18
69
69
77
34
70
24
93
14
66
12
46
74
88
18
20
95
83
33
58
33
18
80
61
19
56
79
74
19
29
36
50
15
84
63
34
92
86
92
96
98
61
64
78
26
72
56
68
45
73
87
79
14
30
66
43
23
10
14
48
38
80
66
41
97
90
14
88
11
72
47
96
79
70
25
25
47
75
15
67
25
45
34
27
81
57
48
73
51
73
13
80
10
92
87
83
74
65
58
98
88
17
32
98
89
88
51
24
66
14
43
74
91
25
40
29
63
94
44
75
52
94
38
26
88
18
68
79
84
45
99
80
56
37
70
22
96
50
19
73
24
33
39
98
85
36
39
90
11
67
35
56
19
67
10
52
96
93
65
29
65
23
57
61
22
72
41
29
93
53
69
28
43
21
21
38
34
99
28
17
54
84
32
77
67
41
