# 16019080	Andreas Valentino
20
82
27
13
68
39
76
94
85
93
66
62
33
32
92
69
40
13
14
24
93
30
64
64
74
77
68
31
62
66
37
90
40
79
28
94
49
89
84
96
78
44
82
64
28
59
92
44
39
15
78
73
14
39
81
48
43
85
53
14
33
60
73
24
35
99
46
26
21
69
82
65
19
27
88
99
44
13
46
80
13
89
97
43
94
15
65
51
76
29
14
10
51
86
15
76
86
68
51
60
13
39
81
41
74
18
88
24
83
18
71
73
25
93
36
56
95
67
58
58
37
65
32
17
89
69
62
80
90
72
53
25
61
25
32
88
95
17
24
66
23
74
71
65
49
37
24
17
45
32
11
29
12
97
17
89
22
37
55
68
23
17
66
32
84
87
69
11
96
94
90
98
31
33
23
95
68
68
62
64
59
59
62
97
49
40
71
70
81
84
28
58
93
80
26
12
68
92
38
56
31
82
52
69
56
91
53
61
13
86
89
37
84
72
36
70
12
47
99
79
62
69
90
68
75
33
91
10
53
59
78
87
50
68
76
25
79
14
38
68
39
56
19
66
82
48
52
33
37
82
60
57
19
45
88
49
92
13
83
32
72
36
72
31
93
69
54
49
66
67
61
51
90
10
57
52
27
63
89
10
52
15
77
40
54
49
94
99
69
72
43
49
33
73
42
25
96
55
66
36
60
81
29
93
59
83
47
40
30
88
30
99
47
79
10
83
73
71
31
27
36
28
30
42
16
22
70
91
21
79
77
35
50
34
59
43
29
52
93
33
41
77
30
95
84
10
23
43
91
25
50
96
89
94
68
22
64
75
32
15
80
10
74
60
50
93
19
32
61
83
67
53
61
61
45
76
77
96
64
25
79
84
71
97
21
96
97
32
22
11
94
17
55
82
78
21
37
90
64
75
44
89
81
11
84
76
82
83
92
52
35
77
74
13
42
29
80
37
40
57
64
36
13
86
50
76
15
89
50
66
72
84
33
58
41
20
35
95
20
53
46
99
98
94
43
87
59
57
98
49
35
49
66
82
38
82
83
43
55
78
40
47
60
82
94
47
84
24
54
63
19
68
37
63
27
75
74
82
74
24
22
48
21
76
57
13
47
22
85
39
82
80
66
22
41
82
62
86
89
31
61
42
59
29
17
17
49
63
29
58
55
33
48
90
96
15
25
24
88
26
94
30
56
25
53
17
21
98
52
37
12
52
66
25
43
18
54
15
22
88
41
28
10
92
72
96
64
92
95
13
73
73
92
96
88
66
30
53
55
76
70
77
95
49
48
75
19
60
82
43
45
64
20
18
90
55
93
44
75
16
48
26
52
90
44
54
31
72
31
68
40
22
94
33
25
31
18
24
75
11
29
85
59
14
43
47
26
42
52
94
22
32
88
79
40
95
26
81
82
52
25
92
92
39
58
86
51
59
36
38
81
98
85
57
11
16
95
96
54
84
16
72
19
89
23
42
69
31
49
20
27
26
95
82
57
70
64
28
38
24
14
41
81
48
28
63
95
94
66
68
65
71
14
55
31
81
94
14
23
69
94
27
41
36
10
70
97
20
20
69
14
25
73
49
95
39
35
88
85
31
49
68
35
59
43
59
18
16
97
84
58
14
73
89
65
58
93
36
16
44
39
14
29
36
40
92
36
86
63
69
30
61
29
47
31
97
17
37
77
80
25
62
59
94
10
54
99
54
46
73
96
42
55
74
34
18
61
63
19
41
30
32
31
48
30
96
60
28
97
78
53
53
48
74
52
35
19
29
38
91
24
39
37
81
79
92
20
70
18
43
82
28
69
52
78
85
83
27
82
24
75
94
31
47
66
67
44
74
11
86
21
34
50
15
35
63
76
99
32
85
42
58
99
38
14
54
84
92
12
73
47
66
24
14
48
74
40
61
93
39
80
41
19
30
47
17
89
65
88
68
36
39
12
96
96
59
76
82
61
83
33
90
94
56
35
25
90
52
16
14
27
76
94
83
13
77
98
22
76
66
98
58
20
94
57
28
68
35
52
77
47
41
13
15
49
75
24
58
67
77
40
83
65
27
34
22
20
20
97
59
20
66
75
91
33
15
67
92
16
49
50
82
27
29
78
74
64
87
89
82
46
43
30
54
10
15
82
74
61
53
59
90
86
48
12
10
41
14
92
14
63
46
79
29
71
51
19
30
11
60
23
17
67
15
22
44
34
20
12
59
96
31
11
65
21
25
45
15
24
14
88
56
28
86
19
59
28
35
11
78
28
71
91
29
40
88
69
96
95
42
