# 16019315	Maura Vanessa
17
81
10
34
99
98
93
74
83
25
61
51
39
63
19
39
85
49
98
89
44
66
22
84
27
62
74
92
82
20
80
60
13
27
73
14
81
54
48
19
15
27
81
92
87
51
29
29
16
79
27
98
21
90
62
27
76
58
80
80
21
70
33
26
61
80
18
24
25
58
16
16
76
19
55
45
21
26
65
26
85
42
39
22
86
93
98
72
10
76
18
54
25
20
33
78
44
86
51
56
52
30
37
42
62
48
80
18
99
55
16
95
53
31
48
78
44
17
98
14
76
49
34
84
32
84
31
76
76
43
44
64
50
94
16
83
46
56
70
97
55
13
69
98
48
78
95
42
52
77
49
66
85
81
84
10
69
96
13
58
48
44
26
31
83
22
47
30
89
68
39
47
77
78
60
83
21
42
31
29
24
82
27
60
66
57
71
90
59
36
85
13
86
84
54
10
89
15
19
54
13
55
82
79
90
34
77
21
30
81
99
88
21
99
50
56
84
39
47
51
95
99
14
64
12
13
42
31
31
39
20
63
71
33
50
40
43
22
97
34
63
19
48
49
88
84
46
42
19
38
62
38
35
26
28
19
34
63
63
92
32
96
44
99
31
73
78
86
28
41
50
87
48
20
82
66
97
55
22
96
35
53
33
29
28
41
55
45
99
94
18
86
11
70
86
80
34
82
26
95
62
81
72
95
19
59
32
45
36
27
50
12
80
69
83
62
97
19
46
65
39
71
72
56
73
56
95
90
27
48
26
48
18
59
76
54
94
55
32
38
66
92
13
39
92
28
70
43
99
31
79
62
31
82
32
31
38
69
18
63
41
31
97
44
78
93
28
71
54
59
12
87
61
23
81
80
49
31
30
30
57
90
12
84
58
31
67
25
83
97
79
60
37
41
54
89
38
88
27
36
44
83
58
53
70
31
59
37
74
54
27
81
83
56
63
19
88
30
91
12
61
69
76
52
36
98
96
55
87
63
87
60
14
70
92
67
67
52
85
88
71
70
10
55
44
47
97
77
95
79
33
56
10
93
19
48
68
18
64
22
16
83
52
89
47
27
73
72
62
84
18
56
62
32
49
36
18
76
96
73
59
48
77
48
15
15
85
87
60
25
13
36
44
54
68
11
68
97
84
55
77
38
18
23
64
78
70
27
33
40
85
32
75
86
57
64
52
37
25
71
14
65
33
18
62
75
46
62
67
89
95
31
75
23
55
59
82
33
10
51
39
17
55
93
20
65
37
42
39
59
69
27
98
98
51
81
25
52
19
94
84
78
98
39
53
82
61
17
47
36
60
41
56
76
77
79
82
57
62
45
15
52
31
53
28
24
65
64
92
96
66
32
66
89
49
62
95
65
28
67
78
12
73
41
51
79
46
26
93
10
42
70
89
77
15
10
56
40
94
70
80
26
79
88
89
94
27
49
63
26
82
90
15
14
25
91
76
29
87
50
91
47
54
63
19
83
32
82
10
72
21
91
29
31
45
50
82
35
77
51
34
42
40
30
12
84
55
18
17
16
42
98
58
92
18
16
14
10
44
92
82
17
71
50
79
58
52
82
51
11
27
45
70
23
33
86
82
50
30
71
90
35
85
78
30
50
39
60
98
69
49
41
74
44
88
82
88
56
86
84
15
49
47
76
84
29
70
63
12
14
46
58
58
98
93
58
39
47
48
98
83
35
75
20
14
31
80
46
62
52
27
39
24
67
21
20
21
75
76
39
64
22
34
21
57
29
72
68
36
14
71
98
79
70
73
91
52
72
79
61
62
99
80
14
31
80
59
57
83
91
66
82
32
31
96
18
66
94
75
22
51
48
73
79
35
28
87
53
78
52
17
60
37
16
71
69
17
52
96
64
75
18
20
53
79
23
97
61
65
43
55
61
97
45
57
51
45
28
30
91
20
84
64
76
96
93
71
65
65
79
63
53
60
65
57
89
90
72
68
33
85
62
88
11
71
10
43
70
39
17
84
54
64
47
52
21
32
74
38
63
92
11
37
73
16
59
42
65
78
96
92
68
82
48
46
80
74
78
92
70
87
91
22
19
75
60
59
71
91
82
72
11
91
38
69
77
59
23
86
91
80
82
16
58
78
36
96
53
71
52
92
12
19
25
80
41
19
94
96
98
65
67
26
96
36
62
18
63
49
29
95
61
18
93
19
26
82
49
28
43
80
98
49
70
89
52
73
27
57
49
24
59
48
44
18
95
13
15
37
62
26
62
62
30
50
28
81
14
20
54
99
66
76
95
17
44
66
69
94
45
