# 16019145	Muhammad 'Abdulloh
53
55
85
64
67
60
18
32
74
52
77
53
85
48
42
18
78
51
86
96
84
67
28
97
39
90
73
64
73
79
78
82
84
55
87
10
89
36
21
45
25
47
78
73
18
91
93
92
36
22
13
72
56
95
31
51
55
90
59
45
17
57
28
24
20
23
42
68
37
75
31
45
32
15
84
61
41
64
99
80
52
93
70
63
71
88
51
31
62
92
92
34
75
10
71
36
15
41
69
76
52
10
86
30
30
94
38
52
52
18
61
22
52
82
93
80
63
11
63
52
17
97
98
47
46
26
40
31
72
60
74
89
59
67
11
12
36
62
91
26
38
49
46
90
32
86
73
43
76
37
44
94
32
61
20
81
63
21
74
47
55
80
50
86
61
25
97
48
37
47
40
96
93
21
35
60
20
66
48
54
90
41
36
81
19
91
30
95
39
29
77
21
61
63
58
34
55
24
11
31
30
99
67
82
90
69
22
72
60
65
60
53
19
37
61
34
72
63
72
96
28
46
76
25
55
17
30
24
21
92
55
59
58
53
50
20
10
87
65
24
17
10
52
13
38
63
56
22
47
75
18
92
21
81
64
66
40
88
46
67
12
66
44
95
30
92
71
67
11
36
31
65
78
43
33
91
79
59
69
25
23
46
99
78
70
54
68
73
71
35
67
28
99
51
88
76
99
15
98
73
83
10
47
54
73
19
43
57
49
33
26
46
66
66
57
10
17
32
88
49
65
57
36
57
34
68
94
93
38
28
46
44
33
33
95
26
60
14
94
41
97
96
87
25
40
56
90
61
83
12
85
45
55
15
80
13
40
21
51
68
48
50
86
10
90
58
90
45
10
34
47
82
85
28
73
72
24
99
94
81
71
83
23
18
29
61
59
78
14
37
99
83
36
68
22
74
82
36
31
24
75
15
66
42
62
13
96
98
77
72
51
45
86
47
95
69
36
19
17
75
96
42
41
44
24
10
24
45
34
62
59
95
85
32
38
63
60
94
54
92
49
59
46
97
35
75
42
64
52
57
23
38
84
93
95
69
33
69
74
24
28
28
82
70
88
99
64
62
33
75
76
48
15
89
68
78
69
94
95
57
90
73
95
84
61
17
45
73
74
94
43
64
97
95
73
18
20
46
65
69
49
84
96
85
39
65
37
56
69
70
78
92
91
61
69
28
51
58
94
37
42
87
83
58
30
52
90
95
44
92
48
13
40
36
31
78
12
93
44
82
40
93
96
17
70
57
22
93
74
42
17
78
57
74
69
72
15
53
85
37
11
77
99
13
16
78
42
92
15
99
51
70
35
63
78
78
50
37
86
58
44
91
24
81
51
84
64
71
71
96
62
11
77
86
62
65
13
51
51
93
30
34
76
10
23
73
89
43
41
79
36
25
83
44
72
34
92
68
16
65
83
94
26
27
97
22
90
56
86
84
87
86
45
79
23
21
94
78
77
70
98
80
60
69
46
60
85
37
80
58
86
93
70
18
59
52
39
46
71
98
39
44
75
14
74
80
76
19
88
78
75
43
90
68
23
36
45
96
21
29
34
94
22
79
79
67
69
78
34
12
25
87
62
66
84
16
30
44
38
45
94
20
27
97
45
83
16
38
36
52
69
30
19
81
85
15
53
56
55
28
18
63
67
84
55
50
85
82
38
14
81
29
67
99
85
94
94
61
36
61
91
95
84
32
58
73
73
31
47
32
72
51
98
16
96
18
48
44
19
26
40
26
79
58
72
68
60
95
76
22
85
22
50
20
38
21
34
22
18
72
56
94
64
75
97
44
40
71
87
24
15
26
32
13
36
23
65
83
45
43
69
71
30
86
98
74
50
10
72
46
45
62
11
19
39
59
53
51
84
49
19
63
64
37
12
74
67
90
81
16
22
58
38
40
54
71
44
91
99
56
28
99
88
66
65
96
78
25
98
58
24
94
56
94
98
77
27
51
48
51
29
30
13
91
75
80
48
13
62
10
63
98
63
86
74
67
68
74
76
98
57
40
78
81
94
48
71
68
48
76
60
79
86
35
42
41
43
39
67
19
93
62
51
71
57
30
99
17
64
32
97
90
81
26
92
43
96
55
28
99
41
41
17
71
41
86
84
49
72
61
40
84
49
70
14
99
41
57
15
17
71
85
25
59
89
62
76
25
50
26
37
61
52
68
28
20
31
11
25
36
16
28
90
17
76
11
91
36
85
17
26
99
21
93
35
66
59
89
97
28
38
72
31
41
59
55
57
62
98
73
93
15
70
58
72
50
55
87
67
45
