# 16019340	Matias Judatama Partahi
42
94
14
20
78
40
53
55
80
78
11
47
93
51
34
68
30
49
30
12
58
46
94
41
56
83
99
76
77
69
83
32
84
57
92
97
99
14
85
62
26
91
13
53
21
15
70
99
43
90
87
53
52
63
54
10
45
26
93
12
68
70
44
82
33
36
31
86
77
48
84
73
18
44
56
91
56
40
27
61
69
62
19
56
97
27
83
96
82
20
17
58
73
87
24
95
85
77
24
79
16
61
51
38
97
47
89
64
93
82
74
46
22
70
49
20
96
59
19
97
17
77
13
80
29
30
71
58
84
55
95
77
39
34
87
53
52
51
13
37
47
13
73
10
29
89
82
79
95
56
74
69
39
31
72
86
65
86
12
74
90
56
86
65
31
32
47
21
23
95
96
55
50
19
11
78
60
31
89
87
78
83
26
55
12
65
64
98
76
50
64
44
87
31
33
29
40
75
19
76
20
25
60
98
70
72
89
12
54
94
74
91
52
89
57
64
97
41
37
63
89
33
66
51
51
47
67
89
19
29
68
54
54
30
69
65
34
89
92
15
42
68
61
11
97
82
15
16
54
75
97
49
88
69
66
26
47
26
69
55
93
27
62
96
11
21
27
70
25
92
61
92
98
16
90
74
34
68
22
38
36
67
90
57
41
39
10
78
53
38
23
19
97
14
89
97
30
92
69
35
47
62
19
69
59
85
24
99
60
24
72
63
72
47
64
18
48
59
60
70
67
18
80
91
98
41
43
35
29
22
35
93
54
54
18
57
58
44
77
11
51
17
66
85
73
15
89
62
19
61
29
53
33
97
90
91
74
62
78
45
84
13
33
23
85
71
91
56
12
47
99
17
63
11
59
84
55
66
10
44
37
53
87
36
11
34
85
39
21
60
26
60
49
77
48
73
22
25
12
94
88
34
26
19
69
89
91
44
32
30
56
78
63
75
77
33
93
43
10
78
58
29
62
48
85
98
97
72
72
19
68
93
85
76
48
14
34
33
84
49
87
82
83
84
36
12
84
17
59
49
71
45
68
26
48
68
18
61
85
99
40
35
97
90
30
96
30
37
30
30
89
16
39
56
47
80
45
67
77
19
41
93
98
55
39
96
59
59
62
28
95
36
94
16
34
60
66
95
87
39
78
33
50
20
48
49
84
43
26
10
31
52
51
56
65
45
61
78
73
88
29
76
42
67
74
93
48
16
22
11
52
60
11
58
17
19
24
54
52
48
70
51
74
46
79
82
55
56
92
81
66
48
77
35
73
77
87
80
53
43
40
94
51
16
82
28
52
45
36
29
83
34
26
29
85
84
41
10
58
10
52
34
31
23
72
35
62
79
94
28
18
59
31
26
60
32
70
47
89
79
49
66
66
11
50
19
79
45
26
40
83
19
89
33
76
59
92
83
81
18
79
65
62
11
25
61
11
40
39
72
27
43
21
76
94
81
49
70
30
30
52
59
27
34
96
52
84
38
10
48
40
75
61
96
85
92
76
47
29
33
96
46
80
96
56
97
30
75
30
64
96
87
11
38
34
41
22
77
52
56
72
32
28
11
26
89
15
14
82
16
58
35
17
91
82
91
95
74
81
84
57
76
30
89
17
77
15
51
24
21
61
71
75
61
47
87
93
42
60
16
54
47
69
73
90
50
46
96
28
22
42
76
39
61
57
82
13
91
34
44
61
49
59
30
29
30
47
30
29
91
54
29
61
98
93
29
83
24
44
52
48
38
84
43
46
25
39
22
16
32
93
10
95
48
33
39
51
36
58
15
83
63
12
83
92
77
10
67
99
79
13
76
20
97
10
60
24
42
74
18
26
72
10
51
41
77
39
84
53
48
73
68
46
92
83
62
92
98
37
24
50
61
28
47
61
45
63
80
53
71
85
25
79
44
88
90
58
13
91
36
50
24
26
57
53
52
28
14
10
74
80
39
25
84
93
18
40
79
95
98
49
25
34
67
53
93
74
31
78
82
51
39
81
77
65
76
29
81
93
45
93
16
49
46
40
73
32
16
48
58
29
46
39
92
23
71
80
48
93
72
33
11
67
20
99
67
66
46
62
99
60
28
10
99
16
69
21
23
89
99
20
18
68
24
35
49
61
89
16
69
24
60
19
13
95
59
78
66
48
66
94
53
86
60
30
89
56
57
65
24
53
35
30
41
94
40
62
79
61
41
82
52
77
42
69
96
43
74
90
60
49
21
39
81
81
48
23
32
34
46
56
73
48
73
99
33
49
51
87
15
88
82
81
35
47
21
97
78
86
31
