# 16019300	Hana Salsabila
16
38
19
14
90
75
70
36
49
80
77
40
25
50
26
93
32
58
19
33
71
46
69
49
26
71
66
58
40
24
46
38
98
28
93
22
65
32
23
40
77
82
39
57
36
62
72
18
93
89
33
28
57
36
95
69
33
78
31
42
14
15
95
84
41
28
73
11
38
98
77
29
15
85
85
71
80
68
10
37
39
82
91
59
86
87
84
22
66
54
65
13
81
71
26
82
98
97
65
76
38
89
50
13
81
77
52
95
62
91
72
87
36
28
55
38
82
16
65
96
31
90
16
69
70
14
64
67
55
70
24
44
11
71
98
78
65
28
24
56
42
17
30
42
75
30
35
42
90
22
38
97
90
49
36
33
27
23
89
45
53
13
72
87
33
85
37
42
17
85
39
30
52
51
25
23
16
97
88
83
80
34
87
73
82
79
71
31
37
59
64
40
36
84
76
12
49
71
49
76
16
26
55
77
58
82
84
44
24
74
43
32
56
82
92
46
48
96
58
18
12
13
50
41
73
88
24
66
11
87
47
66
27
24
41
19
38
68
39
51
93
63
71
74
11
83
69
49
51
84
54
32
29
44
95
76
34
63
47
23
17
63
30
56
75
45
63
38
66
59
34
96
38
76
18
42
41
67
31
62
96
91
21
29
94
52
32
56
57
63
75
56
36
92
69
78
69
43
72
57
91
54
45
19
57
86
25
84
71
22
21
55
83
20
41
72
27
76
82
55
63
67
50
69
36
90
68
59
33
67
56
41
89
84
49
72
46
54
25
47
57
94
89
95
49
98
24
40
28
93
18
79
82
63
13
76
42
73
12
90
65
83
63
78
89
12
80
99
95
34
72
79
55
89
36
48
10
38
73
49
91
28
10
78
51
47
91
26
52
33
30
81
35
27
96
52
29
53
99
27
41
35
47
92
71
31
17
24
12
89
84
54
15
39
83
45
69
46
13
78
64
43
11
62
89
34
79
60
88
94
56
15
34
14
75
69
75
39
75
84
44
44
98
11
48
90
11
31
72
26
37
71
93
56
39
76
71
39
36
41
21
55
51
45
26
75
45
49
44
69
26
64
38
79
43
88
59
90
85
80
51
84
87
76
54
62
98
47
22
36
68
43
71
63
39
22
45
29
19
98
22
93
85
77
93
87
38
12
38
54
47
81
48
63
44
31
76
21
10
70
74
32
80
59
94
86
82
68
78
30
92
20
98
78
13
61
58
20
11
81
89
76
62
15
18
84
75
26
44
62
15
91
23
96
38
76
19
80
37
53
82
79
85
74
20
81
14
71
58
48
21
65
85
58
85
51
78
40
94
76
43
58
83
39
98
28
84
12
53
10
50
87
95
68
41
91
41
55
25
33
27
31
75
46
84
71
98
62
22
85
77
81
32
71
64
16
83
87
50
94
71
73
68
94
30
12
64
67
89
65
82
43
48
95
78
97
75
59
81
54
45
28
88
66
30
89
61
97
91
24
69
35
70
74
47
48
11
19
14
53
66
54
51
22
20
10
37
33
92
16
52
25
17
58
51
21
18
72
18
34
57
73
76
57
93
14
37
55
82
45
57
52
69
59
53
91
58
31
81
21
42
16
30
75
72
99
32
33
48
11
42
66
42
25
48
59
10
33
29
21
20
52
84
96
78
71
67
53
86
60
88
56
62
30
92
73
52
21
41
64
44
49
81
69
42
46
17
12
61
19
90
88
84
56
25
80
24
75
25
25
59
22
82
94
93
58
47
76
67
75
19
58
15
52
84
93
94
30
34
65
60
23
54
64
55
13
78
30
85
15
83
91
77
15
92
58
39
56
14
57
91
93
33
82
51
41
30
65
73
32
16
98
88
12
39
57
33
90
85
40
60
96
45
21
23
62
60
91
20
53
67
29
66
28
36
41
41
95
65
64
97
25
63
19
54
90
26
98
30
96
46
87
66
10
56
43
34
54
10
22
52
37
30
66
77
12
98
92
79
68
73
96
80
33
99
84
54
52
59
91
32
68
53
55
64
31
55
64
91
13
88
73
89
87
51
79
10
79
86
48
45
58
23
37
72
84
47
40
61
40
28
34
63
88
18
45
16
32
61
80
45
23
62
79
98
98
73
24
13
99
82
25
80
36
98
68
86
72
93
17
79
50
24
18
72
49
56
90
10
34
62
81
55
81
55
92
26
64
51
43
25
58
81
51
40
81
18
62
67
57
54
94
40
92
31
37
68
52
22
44
11
87
12
91
25
81
42
74
47
87
72
52
47
74
89
84
87
17
47
77
