# 16019270	Felice Pricilla Hilmawan
24
79
10
94
31
31
28
95
25
62
71
90
44
21
98
89
51
87
48
55
44
48
19
85
83
42
40
89
24
69
70
88
88
44
85
32
41
39
98
18
81
61
45
86
21
39
86
94
21
31
93
51
85
51
43
24
97
87
36
12
97
31
68
10
77
48
65
73
32
67
39
38
16
10
33
95
30
72
40
10
62
60
57
28
55
15
35
39
36
61
31
72
60
45
88
95
96
55
82
38
49
75
77
38
61
50
29
56
60
97
49
51
42
12
43
98
70
94
56
96
49
60
58
54
78
43
14
11
76
34
54
93
84
55
60
54
40
36
91
91
71
69
54
60
57
10
14
61
46
32
87
49
39
10
34
88
65
43
67
14
33
73
33
54
77
31
79
96
56
29
94
68
62
29
90
14
54
12
48
75
72
27
38
86
54
78
76
46
70
53
50
76
97
10
41
80
96
86
44
49
28
37
75
19
84
82
44
54
11
62
76
32
40
30
69
21
45
72
88
99
69
51
84
45
45
49
67
54
61
71
47
24
24
74
26
57
62
40
73
78
24
75
45
10
59
26
30
85
78
20
54
73
96
33
54
95
14
26
28
62
58
44
26
65
66
38
24
87
19
96
29
68
46
48
47
63
71
91
97
90
75
18
67
10
21
44
77
63
77
30
26
21
69
77
16
46
75
58
31
77
86
88
72
43
89
61
85
84
23
18
30
46
41
33
68
76
69
83
25
18
26
40
32
78
77
34
36
37
32
78
83
28
95
93
86
23
72
53
42
53
18
27
11
59
80
78
42
81
92
82
65
65
15
94
61
63
94
29
55
87
47
16
22
31
55
39
17
13
83
39
27
82
57
67
91
39
30
71
98
88
17
29
43
10
98
58
48
98
42
62
30
16
52
87
93
54
29
70
95
92
70
14
87
56
10
70
70
21
19
10
58
72
89
62
33
48
97
60
20
87
95
33
53
71
62
25
77
42
99
25
58
13
63
70
91
49
16
43
47
59
41
88
71
24
34
49
77
92
70
97
27
95
38
37
86
60
53
96
40
35
25
95
27
30
42
85
34
29
33
97
17
76
12
66
94
81
41
61
88
19
44
23
67
87
34
34
57
99
37
87
42
93
19
78
76
88
96
30
32
76
14
92
82
58
52
31
29
29
31
48
92
72
76
71
57
48
71
32
30
79
48
65
44
30
35
53
63
64
34
41
28
91
69
74
85
77
37
78
72
25
74
42
35
48
66
88
29
91
80
38
45
10
77
82
86
84
63
23
13
95
39
82
61
59
44
60
12
39
32
86
45
55
59
28
86
13
82
23
95
27
69
53
18
35
49
77
17
12
42
10
93
63
50
91
21
67
33
91
28
12
82
96
28
80
63
37
57
20
32
65
91
25
14
79
45
71
92
84
88
44
48
81
25
29
20
97
42
96
97
87
62
90
24
21
69
25
19
65
84
87
85
60
71
42
71
17
76
90
86
50
63
41
66
14
22
56
50
60
72
65
82
49
62
28
27
46
97
86
48
72
97
80
70
46
29
82
80
92
50
60
57
40
46
27
39
67
83
67
90
46
50
48
87
45
78
42
24
18
55
38
97
46
16
54
25
24
47
13
13
58
42
19
73
79
63
27
85
24
36
19
82
10
31
73
16
43
79
82
89
33
19
53
58
13
68
39
72
18
95
15
14
91
94
98
90
68
16
28
52
97
23
31
74
58
62
76
11
70
65
40
98
50
61
66
29
35
42
69
70
38
18
24
24
83
73
12
48
89
94
46
44
15
13
73
76
67
57
95
71
61
98
24
32
61
55
55
93
90
60
44
60
92
32
38
88
73
77
13
29
82
67
78
43
76
31
49
82
83
89
98
87
88
25
90
97
94
91
22
87
62
48
59
40
48
49
44
13
60
26
64
43
98
12
20
35
18
47
24
66
87
31
37
57
77
86
11
13
12
29
92
89
26
23
58
58
12
31
60
78
85
82
41
30
76
27
33
27
40
47
17
37
31
71
56
72
91
27
41
90
65
74
84
24
42
23
66
75
40
81
98
85
18
91
14
43
66
44
36
42
92
60
25
80
24
27
89
46
94
83
95
15
11
78
51
20
35
25
72
44
42
81
48
99
19
52
28
83
82
68
47
76
70
99
78
75
91
33
86
92
10
48
27
44
90
86
90
71
68
92
21
17
92
99
36
20
98
31
19
11
23
58
46
88
22
38
28
28
78
36
15
14
17
42
67
53
13
35
30
48
78
74
53
12
98
39
45
11
39
11
91
