# 16019070	Anisa Lis Masa Miranti
46
22
24
43
25
54
67
41
96
52
90
50
90
11
78
99
39
31
65
91
35
54
42
98
70
26
77
51
52
13
23
35
95
83
53
86
11
50
11
87
67
14
45
89
27
40
16
42
42
46
32
58
15
12
18
18
91
14
79
78
18
17
10
30
86
69
75
58
32
57
23
18
93
71
55
25
85
44
97
39
47
68
40
47
66
85
27
58
55
12
69
47
83
27
94
74
24
38
87
96
59
96
67
60
34
77
77
11
26
41
13
60
43
47
13
81
21
86
99
46
18
88
60
16
63
96
78
23
85
20
29
35
88
46
73
23
50
12
10
33
80
73
84
17
44
56
64
65
54
84
73
42
72
37
98
49
45
27
65
91
32
80
45
59
91
77
39
41
90
78
84
43
26
91
85
78
63
41
18
13
26
20
71
94
53
17
99
55
71
67
12
23
65
79
39
22
36
17
95
52
36
43
34
85
79
42
69
76
13
19
55
40
73
93
98
55
46
44
39
17
97
96
65
58
38
58
36
54
67
60
63
58
29
60
95
11
44
23
77
33
22
12
57
13
30
86
77
31
98
77
81
71
98
12
25
94
67
62
12
64
73
38
66
23
63
31
39
59
45
58
82
96
90
68
23
34
67
64
42
57
89
60
19
71
30
69
85
69
93
96
85
44
60
30
16
35
52
37
40
61
27
79
36
18
78
13
88
45
86
18
52
30
88
87
18
96
25
30
84
11
52
99
83
95
94
26
10
11
61
40
98
84
97
15
76
99
92
79
86
24
43
17
22
36
72
41
82
92
39
62
24
64
59
73
62
11
24
18
15
41
12
13
98
54
17
80
75
37
59
67
32
72
72
14
81
86
23
75
10
75
31
47
73
44
75
30
74
41
69
83
90
71
53
62
87
70
10
95
84
17
29
46
65
84
54
23
87
33
11
33
91
28
53
71
19
90
57
34
78
44
86
68
16
50
49
91
49
93
16
82
31
46
85
72
32
63
42
97
92
68
82
16
48
47
17
77
96
92
24
45
47
68
80
28
74
64
65
82
28
53
12
54
19
81
10
42
48
70
53
55
57
61
16
98
84
70
11
63
39
65
12
99
42
63
77
83
34
69
15
22
56
86
87
83
53
47
11
16
92
37
28
99
33
88
92
81
29
30
22
65
88
55
34
94
91
32
53
64
14
73
14
37
81
84
70
44
24
11
36
73
55
96
14
52
32
46
17
55
26
79
46
57
94
22
42
77
63
60
13
63
48
19
68
43
87
95
61
68
97
19
32
63
61
45
56
30
78
53
83
13
75
47
30
99
23
43
65
25
36
21
26
38
14
56
63
32
55
22
72
46
43
49
48
98
86
33
83
89
88
76
59
56
49
85
43
25
76
18
48
71
91
67
25
49
71
35
76
89
69
50
31
98
82
48
73
51
93
13
98
76
74
48
25
15
91
47
59
12
75
70
23
69
82
38
18
34
62
59
17
13
90
31
14
72
28
40
87
45
44
70
15
79
10
96
70
79
35
96
54
53
35
23
74
55
71
79
22
58
61
94
23
24
41
38
72
66
38
74
76
30
41
33
27
44
92
64
94
68
73
15
85
17
14
61
66
81
48
56
76
53
54
13
71
64
77
26
97
51
19
67
10
62
44
29
12
24
77
40
70
73
59
37
32
83
93
91
45
74
53
69
38
15
78
90
24
64
77
69
62
96
20
38
18
44
17
99
34
21
36
99
95
90
42
97
10
36
63
31
40
67
93
71
14
98
46
72
60
79
25
16
71
86
77
42
78
16
55
78
81
83
30
83
24
84
86
69
51
93
17
79
24
76
66
67
94
85
56
61
89
94
67
81
87
10
31
63
65
22
65
30
75
89
98
17
79
60
64
92
19
77
10
12
32
61
52
32
14
31
83
85
69
42
35
19
58
24
15
17
60
17
62
18
76
35
60
11
48
86
99
69
83
58
13
74
46
80
54
70
60
20
24
40
80
52
10
19
25
99
37
91
83
50
27
89
49
28
26
69
14
55
72
22
68
43
92
56
26
84
36
54
90
59
75
26
63
65
56
60
59
19
43
36
48
95
27
95
93
43
92
85
57
90
35
17
91
34
37
63
82
76
61
24
16
55
54
83
81
87
56
54
75
41
79
60
39
32
80
10
66
20
92
75
39
61
53
61
65
89
30
52
34
15
13
11
17
49
65
27
41
82
57
22
10
61
29
33
34
77
68
57
32
35
76
53
65
17
76
91
35
50
86
81
49
42
76
88
67
41
83
30
