# 16019245	Fariz Ahmad Sultansyah
61
71
57
60
17
69
98
80
66
40
36
39
37
82
55
96
18
81
59
44
27
95
35
39
29
82
45
55
18
50
34
93
84
56
21
56
62
28
54
14
11
67
90
90
66
81
82
11
67
53
41
86
37
57
23
38
61
32
11
61
70
72
24
25
16
61
93
99
99
62
95
70
30
21
36
73
62
58
69
24
90
33
23
76
83
51
33
84
34
25
26
51
18
60
57
74
83
74
32
94
25
29
87
11
28
55
20
49
16
15
24
20
56
11
25
35
80
22
76
18
23
34
42
85
18
65
56
84
81
90
92
54
49
23
28
17
61
59
26
65
89
29
91
34
82
43
63
26
40
45
62
26
98
72
92
22
34
44
80
14
71
20
76
45
89
35
92
97
10
49
96
78
58
29
79
92
27
48
80
23
98
63
74
79
78
73
32
50
46
57
59
45
78
15
19
64
27
30
80
34
66
63
52
14
13
35
11
94
30
33
99
46
88
82
77
43
22
99
97
59
94
89
12
49
25
51
16
21
45
61
36
13
87
59
29
54
95
86
23
98
49
52
44
30
49
98
93
27
50
91
81
57
38
56
27
72
45
91
28
86
86
21
20
55
55
97
13
68
56
44
70
28
93
67
51
37
53
32
92
69
38
15
10
76
19
16
76
94
46
91
32
83
19
18
41
72
98
51
94
77
28
50
19
17
17
78
59
16
97
47
43
74
54
64
79
10
90
39
14
63
36
19
68
60
34
39
25
58
59
93
74
47
79
41
67
25
36
83
58
39
34
44
55
16
65
78
66
76
30
23
78
76
36
54
65
90
84
60
95
39
60
37
21
99
78
15
50
51
86
66
74
51
59
62
49
60
71
56
82
55
46
33
11
62
86
21
27
87
98
23
75
42
47
51
51
93
31
39
88
50
90
28
75
56
49
54
73
70
64
71
20
72
93
71
76
58
10
55
11
23
61
23
33
95
61
74
57
68
88
56
65
12
65
64
30
92
19
36
67
37
81
13
47
36
79
26
38
13
61
68
89
20
41
49
66
82
13
20
27
17
91
39
73
90
87
90
25
13
85
90
79
16
11
77
94
68
96
20
63
66
20
69
50
91
60
36
15
36
41
61
28
74
62
86
68
55
25
99
42
69
27
34
16
72
42
16
50
86
83
23
78
27
20
53
71
20
77
14
60
86
23
37
34
99
27
98
70
66
46
93
29
90
12
13
25
56
79
83
59
37
81
19
89
24
57
99
65
94
49
68
63
73
84
64
72
31
38
58
46
45
53
12
27
27
37
30
55
24
55
69
89
59
82
71
71
10
48
61
96
78
77
82
92
11
90
63
21
90
28
87
91
41
64
41
15
50
55
53
32
33
59
73
64
48
31
63
75
25
73
44
56
33
32
64
19
96
67
80
85
67
50
70
59
32
78
14
82
67
13
82
86
72
88
27
37
30
34
89
83
59
40
58
74
32
14
31
20
54
25
48
90
28
65
88
81
47
14
22
93
92
12
11
79
93
67
45
35
87
26
29
26
43
56
95
22
61
56
56
45
48
24
30
67
27
86
10
95
92
29
29
56
77
85
29
88
34
58
51
98
76
88
40
46
22
33
69
69
53
56
78
47
88
77
15
53
11
19
86
43
57
72
50
54
93
31
45
73
52
35
58
24
50
37
28
35
80
45
55
98
61
24
68
43
17
69
90
13
66
66
97
54
87
85
60
50
73
64
93
93
52
67
40
72
60
86
35
89
57
77
37
24
12
99
21
26
80
26
37
75
50
81
75
57
27
94
87
92
11
37
94
18
32
13
69
17
28
78
47
94
44
74
11
97
47
39
86
79
77
70
23
91
61
83
68
60
78
10
99
69
84
47
10
58
85
10
38
14
48
14
10
79
23
78
21
31
28
41
64
49
67
34
72
65
27
39
50
99
83
34
37
82
64
23
50
37
31
12
86
82
84
18
29
17
14
37
10
45
39
24
56
46
62
54
34
53
67
61
59
31
23
26
38
71
66
56
96
76
47
58
65
79
37
43
22
86
94
95
23
38
24
28
59
54
41
66
19
43
90
34
98
61
30
34
79
57
67
46
81
76
63
22
51
12
48
51
92
78
15
72
69
81
48
69
24
50
52
83
28
48
89
38
78
97
21
19
13
27
32
92
49
45
19
60
60
42
63
94
71
86
32
25
44
82
55
99
15
17
34
39
48
93
63
89
16
34
58
44
68
94
32
57
46
19
84
29
59
72
97
35
99
62
77
23
27
21
69
87
22
97
48
