# 16019085	Isep Robi Awaludin
60
81
68
91
63
85
24
49
22
67
58
77
22
12
42
43
90
29
27
91
41
62
73
59
21
59
55
65
55
47
92
84
70
30
42
16
69
30
48
39
17
44
51
82
99
55
67
11
83
61
18
22
32
62
97
63
10
61
86
47
11
49
61
78
13
47
32
65
33
67
63
90
19
50
70
46
64
71
61
88
64
87
67
85
58
27
11
38
67
86
57
11
79
64
30
29
36
51
54
28
47
73
63
73
65
45
11
48
14
94
67
19
62
23
80
36
44
16
83
99
97
54
94
17
41
16
30
38
25
37
57
62
51
53
41
24
41
67
67
36
63
70
27
76
27
68
52
10
58
90
29
24
92
97
44
44
34
64
74
18
63
73
42
96
40
21
23
77
22
30
98
45
30
80
80
14
89
11
52
65
41
93
31
45
15
59
36
80
46
64
62
61
23
98
96
37
95
30
42
48
91
51
13
38
86
48
53
67
19
40
64
16
51
44
11
52
33
99
80
33
65
39
61
88
27
42
96
54
31
57
90
30
83
96
12
53
82
44
52
87
56
55
24
35
71
80
65
77
70
41
53
13
86
11
22
10
98
66
30
74
14
46
11
71
77
48
90
27
56
37
48
80
29
36
55
27
26
20
32
14
18
81
76
54
70
39
29
86
13
79
26
30
93
40
86
74
31
27
79
82
63
22
88
54
20
12
13
60
32
46
68
47
37
69
21
60
24
82
12
41
11
73
57
35
54
67
48
36
47
76
77
66
72
15
37
37
12
66
38
44
27
35
51
73
66
49
57
19
40
86
19
49
86
10
99
95
13
62
63
41
95
48
37
84
72
48
95
78
65
46
63
92
70
53
60
54
70
47
56
12
69
71
12
53
76
70
52
68
45
90
87
91
65
93
46
44
31
69
34
67
53
91
47
23
26
40
62
65
10
98
22
62
63
68
32
98
30
72
32
89
82
33
31
84
36
52
52
38
40
12
54
35
60
52
81
55
47
31
82
52
28
50
56
69
14
89
78
13
38
46
14
86
87
17
74
47
88
29
81
64
75
57
56
59
35
64
34
92
55
31
56
58
12
27
79
19
48
84
11
86
94
91
84
92
17
89
94
68
40
54
19
15
28
58
65
93
50
93
12
41
31
86
23
79
39
49
79
82
93
43
95
94
75
80
88
81
34
68
19
74
99
61
13
92
64
86
63
23
96
15
96
68
93
29
40
80
33
64
58
74
53
12
17
63
99
51
86
20
33
46
18
54
33
56
14
63
81
56
55
37
86
90
18
32
81
33
73
71
76
97
87
97
89
12
99
59
69
70
73
38
52
20
96
82
57
20
93
52
82
66
25
29
86
22
69
95
44
38
57
66
68
53
63
25
78
74
28
46
59
69
29
16
95
28
93
59
12
15
79
97
44
42
85
16
24
77
58
55
82
98
17
64
45
99
74
58
17
48
24
26
22
98
81
92
17
34
84
38
16
18
37
75
39
82
90
36
51
58
32
27
40
99
17
79
85
92
77
43
41
99
35
92
83
86
29
45
90
58
41
12
19
43
56
51
97
49
12
82
82
41
58
12
76
69
17
56
93
46
77
39
17
49
72
91
56
32
13
49
92
99
46
18
61
36
17
61
27
16
72
91
20
38
83
16
11
13
98
16
88
63
80
78
51
54
54
11
85
47
78
23
25
22
69
96
68
85
71
46
25
36
72
31
70
40
22
38
86
67
69
81
11
67
27
10
66
90
80
52
39
12
32
32
76
77
79
32
61
90
73
67
82
75
87
27
50
34
61
37
37
77
24
13
86
62
68
22
68
89
22
31
37
34
75
49
78
97
82
20
83
20
44
82
40
81
70
21
57
62
90
99
17
47
56
92
28
43
62
33
48
79
72
49
32
99
35
17
31
39
14
28
38
98
84
24
19
53
13
70
72
31
91
49
96
52
77
17
26
54
97
62
68
27
68
65
99
56
58
67
16
65
76
80
77
72
76
93
73
64
77
65
10
11
93
85
66
94
14
69
34
28
84
45
63
61
99
69
22
49
71
78
75
73
39
25
33
72
97
30
55
34
32
54
11
25
73
79
40
64
33
91
72
88
25
89
98
59
97
23
81
14
18
44
55
40
26
68
45
84
99
22
35
10
21
47
67
92
94
33
27
82
73
69
60
84
98
82
73
14
24
72
94
88
51
84
39
14
86
45
80
40
95
10
59
34
57
86
74
93
27
36
17
60
80
47
87
12
68
30
85
29
20
44
47
11
86
93
93
99
85
23
