# 16019175	Arini Idayanti
44
67
83
76
82
18
49
26
85
39
82
84
88
71
62
14
66
89
92
43
26
16
87
98
27
35
17
67
70
12
92
46
48
92
15
92
69
39
70
67
44
20
10
90
48
99
89
60
29
41
85
12
80
88
60
60
10
95
53
59
16
72
16
99
49
88
26
77
94
36
49
36
25
92
24
65
45
93
18
80
92
74
46
75
90
61
80
57
38
72
73
10
33
35
78
79
30
65
12
64
57
76
36
98
53
43
21
59
72
19
19
24
26
16
61
67
14
96
97
64
15
28
35
69
93
27
18
71
78
80
38
20
28
53
35
53
15
35
95
84
97
76
39
92
40
59
82
82
29
57
96
95
81
79
81
28
28
42
89
30
26
60
35
49
59
75
68
69
41
74
23
68
81
59
64
70
80
40
79
60
36
23
45
22
51
66
45
72
95
52
72
83
29
94
82
32
86
70
19
76
25
96
47
49
51
33
98
29
22
95
51
21
55
19
19
54
72
38
63
63
40
58
40
46
25
19
70
53
25
69
92
70
59
17
56
44
79
88
57
26
11
82
13
60
88
53
69
43
65
16
86
37
64
43
99
35
33
20
99
47
75
30
18
81
35
93
10
91
34
12
60
12
56
76
33
52
14
63
57
57
10
43
20
52
63
56
48
37
21
99
64
20
39
15
84
30
19
67
37
53
61
18
88
56
69
89
19
63
79
89
52
30
31
10
69
16
85
12
45
30
74
75
97
18
18
73
85
54
45
84
26
99
71
60
84
73
86
27
59
71
38
30
29
37
95
11
35
67
68
77
33
31
57
48
32
39
14
73
67
61
93
79
68
42
83
80
67
34
76
13
23
10
48
47
15
30
17
13
97
88
25
65
59
21
97
38
28
43
94
71
87
71
82
56
29
84
21
78
23
83
91
11
87
70
18
63
53
20
69
55
80
84
73
99
64
30
21
65
49
58
12
51
24
55
37
37
43
89
92
92
36
85
54
58
67
75
47
21
23
30
99
16
98
90
36
69
22
68
92
98
69
47
42
65
79
33
12
30
57
64
55
44
19
64
59
37
71
23
52
72
27
91
74
98
14
91
47
95
62
22
44
85
94
14
57
28
88
45
11
49
10
21
47
49
26
45
31
85
74
46
14
25
75
22
48
10
32
41
66
57
11
56
84
94
28
84
88
74
90
15
51
56
15
18
80
17
65
79
39
46
81
63
44
56
12
35
59
43
78
50
88
35
27
33
49
52
21
10
81
30
98
37
97
21
37
82
23
84
81
82
30
11
96
65
66
27
17
96
77
19
50
54
78
15
97
25
48
28
44
38
20
89
37
91
99
18
56
70
55
46
31
85
17
12
92
63
62
60
11
47
32
11
30
42
26
72
49
19
35
63
96
52
33
70
65
15
61
54
51
82
87
82
55
99
28
64
95
54
56
75
73
72
89
25
13
17
18
68
17
29
15
53
33
96
34
51
63
58
62
67
81
29
12
62
86
24
69
18
93
13
99
26
27
87
36
81
81
58
94
16
15
16
22
97
31
64
11
41
89
81
51
47
88
24
75
10
67
85
35
46
23
33
94
94
92
53
41
86
46
75
53
92
34
61
71
81
80
95
53
75
72
32
94
35
49
30
39
40
63
61
28
91
68
99
34
78
54
23
55
78
11
55
25
46
33
67
60
57
70
94
67
53
42
32
79
80
99
49
10
99
74
36
61
67
96
98
66
42
24
99
94
47
23
80
12
47
93
75
82
95
71
65
82
46
38
56
83
96
36
52
34
88
81
86
36
66
91
82
35
62
94
69
55
44
10
75
64
39
65
41
52
74
77
27
26
48
32
77
69
37
70
58
46
87
76
97
40
42
20
35
21
25
98
94
69
24
84
20
51
70
10
91
18
49
12
69
43
84
55
21
69
81
44
89
68
81
65
58
95
49
40
28
10
51
95
49
37
60
55
73
60
37
42
76
39
17
28
94
92
12
42
91
23
26
69
61
49
89
30
12
25
60
43
48
35
34
67
47
41
29
91
99
34
90
20
49
43
54
37
62
98
86
75
56
51
61
45
25
56
73
42
19
96
82
56
89
23
26
75
96
63
96
29
39
26
71
80
39
68
17
94
79
64
52
29
86
34
95
13
40
94
11
99
96
27
75
15
43
87
34
90
12
58
92
30
41
25
74
60
43
96
80
13
58
27
41
94
44
99
30
74
94
89
12
55
93
75
80
52
12
88
74
75
58
82
95
79
60
77
12
62
76
40
65
17
54
46
63
55
39
