# 16019190	Nafi' Abhinaya
34
34
20
19
80
98
42
17
58
29
66
36
38
40
53
41
90
21
50
15
73
15
37
62
84
89
27
46
34
91
61
28
30
82
40
77
77
24
93
44
98
28
54
82
17
48
53
22
55
15
36
35
90
80
48
96
75
86
87
11
20
33
56
79
28
40
58
92
49
65
34
49
51
52
21
76
42
10
94
14
61
42
95
19
54
78
94
74
38
96
35
77
54
71
60
46
78
88
66
94
43
55
11
96
76
87
67
81
87
56
21
12
78
74
61
25
66
26
55
56
21
13
35
99
41
79
95
43
87
11
59
35
98
39
99
89
97
12
70
76
30
67
80
71
25
15
33
55
27
83
41
39
11
76
12
98
89
73
36
69
62
91
45
77
58
55
50
54
57
64
45
95
60
59
73
66
44
75
26
15
45
61
48
49
65
29
18
70
95
51
99
35
74
67
17
52
53
12
60
70
28
18
28
11
77
39
19
93
23
75
76
63
97
74
82
20
88
68
79
24
64
45
69
17
94
90
10
10
36
79
82
59
95
38
32
35
53
12
62
88
58
40
47
21
43
20
71
85
28
39
91
15
90
96
87
29
50
15
29
57
36
68
50
90
83
28
31
56
49
81
84
16
34
61
95
91
41
70
35
32
62
12
21
72
67
45
32
87
50
83
52
81
34
19
35
56
91
33
93
15
96
50
44
92
95
14
39
59
77
97
61
96
70
72
86
98
33
40
35
26
47
20
85
24
19
10
11
32
18
54
47
81
33
82
23
10
23
76
34
62
50
60
43
66
88
13
33
95
43
89
47
21
44
40
42
14
11
60
74
82
39
45
58
83
70
10
72
94
21
66
25
63
13
30
30
42
30
72
42
66
23
26
19
78
84
51
60
16
40
34
72
19
90
31
40
19
43
85
44
52
83
35
20
33
42
41
48
30
67
44
69
54
50
75
44
53
27
98
36
65
26
39
73
39
82
58
34
39
28
94
77
63
60
32
79
55
60
59
60
86
92
35
36
85
25
68
74
28
20
11
15
48
33
34
95
53
99
46
48
41
13
26
79
27
50
10
60
43
85
79
59
21
45
63
17
17
71
86
39
55
65
81
70
46
32
95
86
39
34
26
95
37
48
73
64
43
12
41
52
87
80
91
83
10
34
52
45
34
20
33
73
48
53
33
12
63
59
81
77
16
44
94
98
87
75
63
57
39
59
28
64
54
52
73
81
23
32
27
93
62
68
64
41
48
76
15
25
21
31
90
32
94
52
40
86
61
95
58
69
31
63
20
12
25
89
79
75
25
61
77
56
48
10
90
52
57
44
80
85
57
87
71
58
74
95
33
98
47
73
13
29
69
72
26
56
57
97
86
40
24
39
89
52
71
96
94
97
25
69
33
11
16
70
96
16
68
33
46
95
54
87
95
56
43
38
44
33
12
55
40
85
80
91
66
21
21
84
63
17
52
39
45
90
53
81
37
59
26
89
53
66
16
74
93
40
59
11
50
78
48
41
45
71
51
67
47
45
25
73
71
11
31
62
60
80
96
74
94
73
80
55
49
54
97
34
37
13
10
98
82
83
71
11
20
75
43
24
57
88
74
15
81
48
74
28
25
81
72
68
36
51
19
54
27
22
65
58
30
68
25
57
88
70
46
95
82
56
67
79
75
17
51
22
42
68
76
67
36
12
89
54
65
56
67
29
46
19
18
36
58
15
36
25
49
35
11
94
21
21
87
49
14
83
59
75
36
68
10
68
65
93
11
93
77
61
14
91
69
94
87
46
59
11
26
15
25
43
49
86
40
39
76
97
11
94
96
65
84
45
43
24
47
48
63
80
64
52
26
52
38
43
76
69
90
69
63
91
12
73
17
96
51
84
62
12
15
48
94
35
37
54
33
61
69
63
90
11
94
12
60
88
46
24
31
53
81
71
25
50
96
33
97
73
14
23
20
85
87
25
78
63
61
43
89
62
21
22
72
10
25
88
69
76
39
98
54
52
42
27
76
86
95
23
99
71
74
12
69
77
12
53
84
22
81
31
19
84
93
36
69
47
38
73
96
18
98
24
67
44
40
10
26
97
45
62
73
81
69
13
76
88
45
28
11
77
45
70
75
55
77
35
14
33
11
88
56
55
79
74
91
62
54
40
65
17
37
52
86
94
99
16
64
53
87
11
75
10
89
10
62
91
29
36
78
83
55
76
31
68
99
87
42
33
43
38
89
20
88
81
34
86
19
51
99
23
20
36
31
91
32
61
26
24
34
43
44
51
32
42
89
