# 16019150	Abdillah Ahmad
56
57
17
58
52
47
49
38
35
48
52
36
36
78
10
86
76
20
72
23
38
92
42
74
87
79
51
56
48
43
27
81
56
95
55
38
65
86
34
28
64
85
58
95
32
67
72
27
55
89
91
78
31
19
80
96
72
86
20
64
72
46
39
67
69
99
47
85
62
80
68
92
93
93
56
10
30
11
83
69
24
84
57
83
63
37
47
91
80
37
62
87
55
70
64
50
93
63
54
43
65
87
62
10
16
39
16
57
22
36
56
55
34
99
90
22
57
57
11
37
23
14
85
87
72
30
31
19
90
24
49
63
19
16
56
54
11
76
65
13
55
36
29
71
34
88
99
28
88
44
92
59
25
10
17
44
93
46
88
97
46
48
45
14
25
54
22
80
60
21
32
55
54
57
17
19
41
75
62
14
83
33
53
66
43
42
37
55
14
29
72
85
83
73
45
88
25
35
61
52
25
62
19
76
88
92
64
31
45
49
21
46
97
51
39
11
29
24
14
18
89
26
75
74
22
28
55
41
20
46
98
87
50
45
93
26
83
18
93
44
76
37
38
76
44
73
66
15
54
10
90
66
64
58
28
51
34
27
39
83
75
91
26
87
83
93
36
17
12
43
38
83
47
20
14
83
69
99
91
20
59
80
72
47
90
68
21
18
97
96
58
25
72
16
75
25
14
18
54
88
64
39
27
17
94
75
89
61
73
28
95
84
59
27
52
45
56
16
43
44
67
22
44
22
99
97
94
62
13
88
11
73
82
93
11
98
91
75
10
56
12
32
87
96
45
13
14
87
25
24
16
44
78
65
11
82
47
83
22
63
70
38
77
79
68
34
29
11
94
32
45
84
15
36
59
11
22
59
79
83
38
23
70
46
81
53
64
60
60
20
76
96
20
95
59
58
81
17
83
54
48
32
34
63
55
74
16
67
58
28
29
45
41
14
80
42
86
30
60
61
48
41
31
63
48
78
12
61
13
27
38
98
60
13
75
96
32
32
57
31
76
73
58
61
43
90
22
58
81
70
65
68
33
20
20
20
31
11
47
61
59
29
36
34
94
61
72
61
78
98
48
11
33
45
83
98
27
58
54
33
54
36
28
84
62
17
99
32
57
98
62
30
11
86
72
71
33
45
59
68
26
29
21
31
98
45
31
49
36
37
39
26
99
45
28
99
96
65
61
96
12
18
41
31
42
77
36
90
14
96
86
51
24
28
90
50
93
80
34
41
92
73
30
96
33
81
93
36
61
18
33
93
59
14
73
34
24
93
88
38
21
92
64
98
98
74
48
44
59
68
54
67
82
49
78
37
28
75
29
59
83
71
94
41
88
21
29
76
23
20
35
72
15
34
45
57
61
45
48
33
19
49
85
94
79
74
36
64
55
24
11
16
82
73
86
85
21
83
25
19
60
46
27
18
55
93
26
48
66
21
84
89
51
40
22
46
74
84
10
30
95
17
90
35
92
88
77
97
77
76
21
67
80
64
87
16
84
27
68
57
90
48
58
50
91
71
11
95
50
92
29
77
13
52
69
38
66
36
16
37
22
79
94
10
43
92
37
71
50
20
87
90
41
10
10
55
88
85
69
69
87
28
92
13
72
60
20
88
64
25
16
37
51
63
37
92
84
15
67
24
71
65
77
51
46
97
49
92
34
22
16
49
47
35
32
41
11
94
48
94
43
80
84
87
21
46
64
27
56
58
79
33
83
92
11
41
71
31
37
81
81
49
31
54
55
89
24
15
48
83
51
69
83
66
22
48
97
81
21
99
97
11
99
54
30
35
57
51
98
89
63
22
94
56
60
32
44
57
71
60
45
50
58
15
11
37
16
61
69
76
79
97
59
14
47
87
53
13
10
15
93
39
57
60
25
77
89
13
62
91
98
79
86
53
84
25
58
86
57
55
71
36
20
26
79
80
68
39
39
55
36
66
40
85
61
22
22
78
68
68
24
72
36
63
57
28
33
15
32
93
31
65
45
25
82
31
70
68
35
44
54
98
68
75
99
86
85
23
70
17
89
65
32
70
65
30
69
67
92
70
58
35
71
67
52
31
17
69
10
38
41
77
66
92
53
91
23
17
19
79
61
83
52
73
30
55
45
32
82
48
57
85
64
39
50
10
71
32
68
33
82
51
59
77
71
90
23
58
32
80
86
80
28
20
15
55
74
11
91
62
17
23
32
14
42
59
83
26
79
11
89
80
61
39
94
59
12
26
43
29
38
36
77
91
30
57
88
78
97
63
70
18
28
11
23
95
33
41
82
98
