# 16019015	Yoshua Robertus Hartono
83
17
93
16
57
13
49
86
79
95
88
86
73
32
15
21
30
78
94
95
15
29
97
36
66
19
40
68
40
61
28
88
72
47
32
41
38
46
37
95
45
87
16
51
59
46
19
30
57
72
71
55
90
93
70
78
68
88
57
96
37
76
36
88
51
27
75
84
98
98
49
61
51
49
80
55
92
21
74
92
62
52
96
59
75
50
30
52
19
29
43
16
37
73
66
92
88
94
59
81
29
89
81
24
82
41
55
29
79
31
92
95
40
39
13
53
63
53
40
33
91
32
33
26
88
94
38
47
35
67
10
47
13
53
62
82
94
26
84
86
77
65
50
12
81
58
56
96
20
70
36
75
19
56
70
79
99
42
80
78
63
59
96
17
60
32
13
20
81
88
10
29
27
21
99
98
68
41
77
11
85
21
34
74
42
28
62
17
51
49
46
92
73
71
58
64
80
28
40
14
52
96
91
84
33
54
52
52
36
76
35
90
72
96
22
15
65
32
64
71
67
35
93
57
79
50
59
35
98
85
41
79
77
53
18
88
43
69
58
66
43
81
94
40
84
41
36
58
47
72
12
47
92
62
12
57
35
89
27
95
24
47
51
11
22
43
96
40
69
88
49
84
35
64
66
95
30
92
40
68
26
28
75
72
23
45
46
23
86
63
24
59
93
58
48
31
61
21
97
76
98
71
74
66
53
27
20
34
15
38
33
83
16
83
79
38
85
41
77
11
62
14
66
33
57
86
24
51
37
52
23
67
61
24
17
21
66
89
58
47
70
35
48
27
46
66
66
31
89
96
95
84
97
88
42
33
81
98
19
36
39
11
82
63
56
89
60
15
94
89
21
95
69
37
74
62
92
95
98
71
60
59
38
87
62
41
76
80
80
34
54
45
88
12
29
91
82
90
13
27
23
41
53
18
92
69
47
43
12
22
36
25
50
33
98
16
88
54
29
86
97
28
64
52
80
41
10
24
82
54
79
21
42
58
18
74
76
53
38
86
99
49
83
58
56
58
39
70
70
59
96
84
51
98
43
82
65
92
57
81
43
98
55
36
81
29
14
45
39
70
35
44
51
42
10
87
75
20
29
75
26
44
68
49
49
57
63
84
66
34
99
62
93
49
62
14
48
16
87
30
72
42
28
40
49
94
79
16
42
63
91
80
48
19
68
86
12
29
82
68
94
19
13
77
17
99
47
15
98
72
38
17
47
72
96
87
14
95
49
64
12
54
67
17
59
33
97
57
36
97
55
97
89
12
31
97
23
17
15
75
52
91
25
77
34
75
79
32
96
51
33
16
71
50
34
78
61
88
75
57
97
33
67
66
58
70
23
83
52
69
95
44
17
29
95
40
88
21
23
23
21
10
10
62
87
29
66
64
19
10
69
90
51
72
18
35
17
16
38
40
87
93
12
26
51
35
51
17
44
10
35
25
24
34
57
17
98
56
85
33
67
96
42
54
37
99
29
98
61
56
72
45
15
95
83
92
49
77
59
38
75
77
28
94
91
87
91
60
63
87
52
79
70
44
57
78
37
46
38
74
24
79
76
29
35
55
52
34
62
60
57
29
91
70
44
34
39
68
75
99
73
26
36
73
75
44
64
42
43
31
10
84
15
14
88
97
33
70
12
42
89
81
52
56
53
46
18
64
62
72
50
53
71
34
41
76
94
64
65
66
44
52
33
84
10
16
77
91
35
76
83
67
11
38
98
40
88
26
64
23
51
44
39
41
13
39
34
77
35
30
99
70
20
37
65
75
35
29
91
39
48
28
15
62
97
92
60
90
16
67
40
73
93
59
90
18
49
88
21
62
30
18
57
19
66
58
51
84
90
67
98
18
40
43
80
25
68
10
98
75
21
35
10
77
34
58
44
29
68
97
33
44
43
34
12
45
29
54
16
85
19
44
95
88
90
53
66
66
47
68
21
83
74
62
12
84
89
50
46
49
72
43
19
54
54
30
52
39
73
90
83
11
37
57
76
69
51
73
63
57
20
41
75
41
95
48
55
44
60
48
73
59
41
97
60
26
10
97
87
15
88
36
81
25
54
19
13
13
11
88
97
78
41
56
62
51
42
62
95
78
44
18
95
26
77
61
24
99
12
82
22
98
21
97
74
51
53
88
40
25
81
24
15
68
67
49
62
77
75
63
27
92
28
48
58
35
99
58
27
52
71
95
26
72
47
18
62
59
10
98
20
75
29
73
27
30
32
52
15
65
13
16
18
50
89
52
19
11
48
85
90
12
49
38
26
46
38
60
76
58
