# 16019025	Muhammad Nabil Fadhlurrahman
92
32
42
16
87
86
78
91
48
11
38
69
31
78
32
96
86
40
38
31
72
50
95
22
60
30
83
62
67
27
25
18
66
42
43
43
79
11
33
87
77
22
99
66
83
96
67
76
28
63
63
55
92
91
34
14
28
68
71
26
95
56
36
22
24
30
15
81
81
69
32
60
57
57
62
95
34
99
54
86
45
46
56
49
84
58
55
48
76
58
85
24
55
56
86
12
58
95
80
29
91
24
85
40
33
91
57
95
70
58
42
38
96
10
17
50
26
16
39
91
36
49
60
98
12
51
53
64
84
84
66
30
76
27
69
55
12
80
33
85
60
96
28
97
96
91
98
48
77
88
32
71
79
51
37
35
18
20
18
77
14
83
57
27
81
57
75
64
16
53
20
90
26
37
13
37
48
18
54
90
65
26
15
20
75
65
28
96
17
54
94
91
82
32
91
35
37
88
21
35
68
28
90
77
35
41
75
75
83
48
79
82
76
91
83
64
27
34
74
22
82
38
14
66
60
47
79
17
26
37
36
31
32
44
98
59
73
65
36
40
19
47
44
97
82
26
33
52
64
59
85
58
70
27
25
33
23
95
57
93
55
99
86
93
49
60
37
25
38
21
70
45
17
85
36
68
78
75
79
90
89
73
91
13
39
63
79
96
36
36
97
95
76
43
29
48
98
90
90
68
82
71
79
97
12
37
46
99
11
21
21
52
14
41
63
97
53
60
96
36
82
78
76
45
60
52
83
91
52
63
69
81
24
45
72
74
79
94
36
22
17
24
98
99
31
84
73
92
45
60
69
32
42
17
75
52
37
40
54
17
10
10
72
51
97
65
43
74
32
50
37
30
10
72
28
90
13
44
88
44
83
61
22
69
65
95
38
22
72
57
98
32
52
40
25
66
26
88
59
22
99
19
78
82
67
72
41
19
67
85
71
90
79
39
26
22
63
11
93
43
84
33
81
80
11
14
61
67
88
68
70
44
67
46
70
85
63
57
15
98
86
15
31
55
79
21
70
17
84
94
43
45
13
25
43
73
67
38
44
29
52
46
39
54
73
92
63
44
87
36
59
20
12
34
27
75
99
13
70
13
16
32
27
68
22
48
73
24
66
96
62
95
36
35
37
85
83
11
76
36
84
28
16
80
40
92
49
48
89
60
57
72
64
24
75
98
72
74
34
53
93
93
19
99
48
30
73
79
84
61
62
21
94
12
55
74
25
19
70
74
96
91
53
11
34
22
23
74
65
71
87
84
36
91
82
44
78
41
59
58
23
58
62
62
43
60
13
96
62
34
50
96
97
23
59
21
28
88
71
93
11
26
27
64
71
22
60
22
31
42
10
74
31
70
24
12
25
76
18
87
61
29
82
27
29
35
25
52
68
56
12
73
47
72
18
97
60
91
79
61
45
21
60
60
69
72
15
70
52
56
20
10
76
66
44
62
78
53
30
54
92
97
69
14
32
40
93
19
25
78
69
50
52
78
10
71
88
23
63
29
51
75
11
36
53
25
13
35
95
81
30
29
90
41
69
59
11
92
52
82
71
79
60
87
62
63
70
36
48
69
38
26
75
52
99
38
69
72
83
93
84
78
47
10
59
26
75
58
97
41
81
78
61
23
53
84
42
61
80
16
55
57
61
22
59
81
49
39
81
15
76
84
87
53
88
47
53
72
71
32
69
63
74
44
31
33
68
82
25
66
51
24
16
27
82
11
31
44
51
86
14
53
29
17
20
20
40
27
83
96
19
49
40
63
61
38
47
97
74
17
35
66
84
44
16
93
92
48
23
94
41
64
34
22
34
48
60
86
17
62
82
31
11
37
95
96
66
96
58
21
78
59
30
59
44
43
67
42
94
95
22
29
45
41
51
42
36
28
35
28
22
32
40
13
41
17
70
51
51
33
90
25
22
10
28
10
18
12
16
65
81
18
18
81
84
33
28
41
49
89
81
30
57
74
58
12
44
53
53
68
94
11
40
59
90
76
78
81
77
28
59
78
17
10
79
29
76
58
92
40
87
97
42
48
90
96
51
96
45
53
50
34
44
91
88
90
24
52
57
64
99
92
51
96
91
35
64
13
45
18
28
92
54
29
34
19
28
33
53
61
77
33
18
66
65
12
88
15
49
45
34
59
98
60
60
36
44
64
64
11
74
92
77
17
60
61
17
70
90
91
63
22
73
92
82
30
48
66
18
21
40
35
15
15
65
54
65
14
42
71
43
67
88
18
50
70
69
57
21
34
57
97
78
29
10
33
70
44
92
59
