# 16019260	Syafitra Salam
15
35
97
76
97
41
34
28
42
80
66
23
86
67
84
73
29
95
23
76
25
32
79
51
31
99
33
22
60
50
29
54
20
50
65
29
58
47
72
57
75
70
40
45
70
90
32
98
70
39
38
33
21
13
54
26
59
21
43
85
90
68
37
90
67
17
89
76
78
57
75
12
77
11
36
47
49
60
16
23
85
50
29
16
79
64
60
22
45
93
82
83
46
58
64
26
34
98
30
21
97
94
40
90
91
77
57
69
26
72
74
76
68
52
86
59
17
84
21
15
62
61
82
27
69
94
98
20
11
20
53
17
43
47
63
28
19
73
22
25
21
28
30
13
18
75
20
10
16
85
62
85
35
66
71
39
44
79
91
87
79
88
52
96
20
35
58
18
72
61
30
77
15
65
68
13
73
67
66
57
21
47
27
59
36
50
80
66
56
48
45
50
14
96
56
16
98
54
78
30
69
27
82
78
15
93
41
10
65
68
23
56
21
86
50
40
39
68
76
52
16
14
88
90
14
20
10
57
98
43
73
75
91
23
57
60
45
23
80
84
46
50
79
88
58
38
73
18
22
29
39
60
47
76
26
42
45
29
75
89
63
65
90
20
28
34
71
14
83
35
94
18
20
90
61
44
66
63
19
38
44
25
37
55
60
42
22
24
33
91
93
64
50
50
27
59
39
75
58
34
66
31
19
62
25
14
22
36
69
90
54
40
28
38
34
25
34
66
99
60
58
53
62
49
31
83
83
63
15
44
63
32
90
26
71
36
33
60
40
35
85
27
71
46
80
24
68
96
64
73
20
10
80
29
27
58
99
23
28
18
14
96
64
29
48
67
65
59
80
18
61
41
79
44
84
11
55
23
21
82
72
93
15
73
15
79
82
12
73
42
81
78
68
66
60
36
27
34
41
48
46
66
23
92
42
62
56
47
43
39
83
75
64
87
30
29
34
61
68
27
17
27
71
96
81
74
46
98
51
24
66
51
39
65
85
92
28
96
49
83
64
17
89
16
90
79
58
76
53
76
92
12
56
34
34
42
41
88
49
43
52
46
29
76
48
15
20
57
30
84
93
35
42
68
67
36
65
55
36
89
12
31
52
57
33
69
25
68
48
91
64
53
50
39
37
40
51
19
36
84
21
41
48
58
99
38
34
39
17
44
77
92
16
91
57
70
25
56
13
40
97
90
80
96
13
22
30
84
35
28
84
13
86
34
78
97
23
50
50
17
57
64
30
15
59
72
88
62
82
31
86
10
40
92
97
92
42
54
71
57
44
84
42
74
33
56
43
55
25
17
58
77
33
39
85
33
67
59
78
21
81
99
99
69
72
84
62
33
18
59
29
83
34
40
27
16
33
85
54
46
16
21
16
14
47
91
80
98
97
17
84
51
84
81
93
88
97
19
29
54
43
25
52
76
52
96
95
82
81
51
56
15
30
52
69
50
79
67
61
77
46
75
72
20
37
79
46
75
20
60
95
42
13
44
63
97
52
30
40
78
90
53
93
75
83
42
92
63
39
21
99
26
64
12
91
44
20
17
31
37
24
87
65
60
84
73
93
65
15
18
55
87
70
84
94
89
57
64
10
19
26
64
55
31
36
46
90
62
56
49
61
44
96
25
61
22
93
83
79
40
62
21
59
24
13
44
57
71
40
71
38
92
19
10
44
33
49
54
16
29
25
15
96
10
34
78
13
36
49
50
65
51
47
53
63
59
72
97
11
29
22
20
15
63
45
13
18
93
45
40
97
42
43
41
23
63
98
51
90
92
57
20
82
55
12
43
72
93
41
97
18
81
39
77
84
50
72
18
67
13
84
68
16
75
88
91
87
54
72
72
53
49
67
98
24
99
53
57
30
36
89
28
62
98
39
96
50
50
40
15
25
27
46
24
89
35
85
48
69
52
46
53
77
64
70
17
40
68
13
64
66
80
37
39
43
61
15
23
97
42
57
69
31
73
32
27
97
72
31
33
75
95
99
32
75
42
19
51
12
75
50
90
74
51
13
40
48
17
58
16
58
45
81
56
55
95
41
85
10
28
21
80
18
48
81
44
77
64
90
50
38
95
38
29
94
11
29
23
67
24
91
92
75
58
99
73
53
92
41
65
92
72
29
42
15
90
37
71
62
54
92
58
94
53
93
86
93
71
24
48
54
80
98
54
29
59
54
66
16
54
79
58
52
29
79
75
76
19
87
83
11
18
79
16
17
54
50
81
39
57
78
92
67
34
97
88
11
91
24
62
97
85
83
49
58
23
82
39
99
68
