# 16019375	Shofy Zahrotul Aghniya
59
20
43
22
81
94
59
21
97
32
20
46
45
63
18
55
59
16
56
32
68
82
34
74
77
88
83
57
29
39
86
45
18
40
25
50
87
64
19
54
31
10
74
86
29
42
92
50
46
65
99
81
94
68
45
56
60
30
74
88
23
53
65
66
20
63
36
24
63
22
81
76
89
17
58
71
76
29
72
96
63
68
29
83
86
43
78
78
94
29
81
76
81
60
10
67
61
94
72
54
10
15
43
18
53
63
37
22
73
54
53
10
82
72
50
19
58
17
64
24
47
86
82
19
20
56
34
10
35
84
47
54
25
63
90
87
95
43
88
84
65
68
28
35
95
99
92
67
47
16
10
97
97
66
69
98
69
64
38
73
11
75
58
53
31
21
73
14
61
92
89
65
38
90
76
86
79
58
48
61
99
41
28
16
21
29
59
21
11
73
28
23
64
15
99
90
88
61
37
72
59
91
50
21
97
25
90
16
47
92
54
96
27
36
69
95
94
88
73
79
17
26
49
42
17
10
89
84
76
10
59
93
12
96
38
32
19
25
69
16
90
61
52
31
49
16
27
34
76
85
51
80
64
56
21
34
38
18
73
16
45
89
96
86
89
47
96
85
60
33
65
61
62
86
45
30
27
83
13
61
78
95
40
94
27
59
66
50
11
67
65
56
81
59
37
49
93
94
76
14
63
33
45
48
54
97
24
55
19
45
39
62
27
28
68
24
73
78
83
79
59
95
77
50
23
39
83
11
82
71
49
24
49
90
67
98
84
34
76
76
69
71
50
99
70
27
27
83
60
68
78
48
53
22
38
57
28
81
93
19
18
69
90
69
23
47
96
96
60
84
33
60
67
82
33
95
41
79
38
97
36
75
68
92
17
39
47
32
49
43
87
95
98
92
15
36
94
62
50
10
54
83
62
39
70
45
33
11
24
33
23
52
63
10
35
42
99
36
17
99
69
74
40
64
95
80
82
54
89
72
94
35
33
51
58
97
23
66
68
88
35
93
64
92
20
22
10
19
20
46
17
37
82
43
48
34
96
46
46
29
31
21
55
67
22
48
29
42
29
22
97
11
61
17
88
42
66
88
37
13
64
89
71
81
62
71
28
10
46
53
65
52
10
94
34
58
29
90
20
48
22
42
88
96
42
73
26
11
99
56
44
92
97
20
29
60
67
39
83
55
25
14
93
67
33
43
89
28
52
27
89
89
39
57
18
14
72
44
10
56
19
75
67
36
13
82
32
37
13
70
82
81
46
35
90
19
28
93
19
22
66
47
57
76
49
91
73
30
86
77
82
41
29
80
33
92
37
38
57
99
66
57
87
27
94
85
83
28
28
94
42
85
80
34
62
61
97
77
99
14
57
42
29
64
72
74
92
66
89
15
38
47
75
37
74
65
49
17
99
89
33
62
39
44
35
18
58
70
89
81
73
82
35
18
55
89
86
69
39
48
67
74
91
61
60
41
90
96
91
79
31
94
89
41
17
22
85
60
20
97
71
59
18
63
33
93
31
83
62
49
10
84
28
31
47
86
11
64
36
68
91
92
54
81
60
77
49
45
61
88
87
28
85
69
48
43
44
43
22
64
44
31
24
53
15
36
91
84
26
95
41
39
56
59
11
96
77
86
82
85
52
91
61
87
26
24
92
33
10
47
67
47
58
93
28
74
88
59
85
18
22
12
33
53
91
85
49
26
97
22
32
94
90
12
12
73
78
63
86
79
48
58
90
51
51
33
45
28
68
28
92
32
92
51
39
82
44
51
97
96
77
80
17
91
98
81
61
54
98
72
27
12
99
22
79
32
88
15
15
51
43
78
86
84
79
24
17
14
30
67
68
71
20
84
41
61
79
24
55
67
14
92
16
71
15
51
17
95
21
92
54
93
52
73
72
56
67
81
22
62
93
11
40
96
25
61
51
98
15
92
66
32
38
93
97
78
46
91
90
22
19
61
76
18
68
95
68
77
84
35
40
11
82
39
35
32
14
69
48
38
72
18
15
56
54
33
38
49
81
44
81
84
77
62
82
42
42
70
42
46
32
47
65
77
52
63
16
43
59
21
62
78
34
96
93
87
43
86
77
73
23
40
39
96
49
99
23
68
73
49
43
71
90
24
85
40
15
34
44
74
84
32
86
53
86
46
48
75
51
56
67
55
30
39
57
25
90
10
53
84
83
48
76
58
20
24
50
51
36
19
61
77
50
84
57
33
58
84
57
41
55
25
21
58
59
33
22
68
79
69
39
66
42
36
45
86
47
29
65
75
