# 16019075	Monique Madelin
90
82
35
82
55
92
80
88
55
65
65
26
42
95
70
92
56
61
71
29
51
20
38
71
78
99
23
37
11
79
78
75
85
23
67
57
80
30
24
42
82
85
84
84
24
23
88
60
34
68
82
14
14
69
42
94
37
99
49
42
53
18
17
16
29
16
68
52
66
20
19
14
61
42
98
31
84
49
41
96
97
51
48
53
36
52
43
27
73
33
65
34
49
14
98
63
84
42
88
41
49
16
83
49
77
55
60
68
42
42
75
30
63
69
54
28
92
36
74
55
33
59
58
12
67
64
64
13
68
81
35
38
19
47
61
99
98
28
37
28
52
58
45
91
10
36
35
93
91
21
87
50
98
49
25
76
15
38
85
64
67
25
37
19
66
26
97
87
99
60
55
98
82
56
60
41
44
38
15
51
32
16
28
43
52
22
64
58
45
38
98
38
64
72
78
22
90
68
89
56
20
97
73
88
52
81
28
63
72
52
89
19
10
29
65
15
87
37
83
44
45
96
36
80
95
70
18
18
10
78
77
68
97
73
99
83
16
46
74
80
21
36
79
51
29
87
69
79
21
70
69
60
34
53
63
87
87
65
61
55
35
54
40
51
17
39
18
40
37
73
74
92
61
31
18
19
87
68
39
89
18
85
99
24
23
76
79
19
77
87
37
63
10
64
15
61
80
96
43
89
52
80
50
12
55
31
54
45
52
50
36
23
61
35
37
76
14
37
33
96
56
83
47
29
91
29
27
22
60
43
67
66
21
27
17
19
89
91
47
45
36
70
41
49
50
38
58
86
51
56
72
39
16
47
71
61
61
58
29
39
98
86
51
16
79
18
66
38
84
57
54
99
58
17
59
10
38
40
48
55
10
21
12
33
46
95
33
69
10
88
25
65
10
92
74
33
48
13
54
87
56
21
41
30
99
77
84
74
14
53
89
10
41
45
81
72
74
34
33
54
48
84
49
13
20
26
42
54
91
86
57
71
79
56
63
64
37
11
93
59
96
67
32
52
63
62
92
49
17
25
54
60
97
64
84
31
89
71
82
47
11
76
88
14
29
80
47
66
45
21
14
52
41
44
90
37
99
95
79
69
64
85
75
66
34
41
20
21
71
19
74
76
70
20
19
85
98
67
89
41
27
70
31
11
28
64
60
14
51
19
98
68
19
58
27
69
36
77
97
51
56
38
70
86
46
83
75
67
47
58
85
32
33
59
66
65
34
61
57
20
46
67
24
61
47
17
65
10
16
89
10
96
67
35
88
57
44
10
53
36
12
83
74
65
95
32
70
65
55
26
30
41
89
18
49
50
19
21
52
36
67
23
16
65
92
47
41
90
55
61
71
87
62
92
21
71
69
82
14
94
14
73
65
83
34
43
80
67
38
73
31
13
91
31
63
66
82
28
80
41
30
30
11
79
74
14
47
74
50
54
54
51
10
33
29
17
57
99
75
77
72
29
80
28
85
12
33
18
38
89
50
23
24
95
99
75
30
22
90
39
10
43
45
39
65
64
22
13
85
84
54
83
69
90
36
86
98
95
58
84
87
59
74
76
82
91
52
24
24
67
14
12
85
68
90
87
32
11
47
74
11
14
75
85
74
62
74
26
85
70
71
93
97
35
66
63
53
12
58
49
13
49
82
83
73
55
55
63
90
80
78
38
36
38
37
40
13
92
22
44
98
30
73
91
66
14
59
83
32
10
76
95
26
97
69
59
27
17
99
66
29
66
27
18
46
66
57
54
43
62
62
73
36
58
63
93
12
13
19
77
94
95
23
26
87
62
17
42
59
19
20
74
63
66
66
45
88
63
69
16
51
46
11
17
55
16
92
10
95
46
22
57
14
41
76
58
58
14
99
88
75
45
62
75
70
44
80
10
90
31
99
61
50
25
88
75
90
52
95
64
42
21
48
34
84
39
75
15
33
72
22
98
89
40
52
24
99
25
26
89
70
58
56
95
42
35
38
44
88
65
69
58
19
52
19
19
28
74
31
17
59
75
48
84
71
67
49
81
50
45
99
77
40
81
16
94
52
99
80
77
71
68
38
65
35
81
41
82
41
66
68
70
98
60
88
30
71
35
55
21
71
85
46
59
96
97
21
40
24
27
52
64
58
82
65
91
64
47
27
50
72
98
37
62
69
76
79
53
92
90
40
83
59
23
27
31
67
45
61
36
87
66
61
91
84
15
16
90
76
21
63
28
45
72
21
98
88
35
49
71
22
14
23
78
23
32
43
93
65
85
70
20
75
36
21
26
44
35
81
45
