# 16019055	Muhammad Pudja Gemilang
53
87
74
57
34
74
43
30
46
55
87
49
20
40
99
91
27
63
21
23
98
33
99
55
76
49
60
70
51
47
56
70
97
71
44
57
95
71
85
85
61
78
84
93
41
98
48
24
54
77
73
27
16
72
67
62
70
55
67
24
71
43
73
79
65
17
63
12
30
78
35
64
48
96
25
59
99
63
31
56
51
98
28
10
76
67
42
24
89
27
47
40
37
39
93
98
76
82
94
53
71
94
65
30
24
74
97
71
59
78
42
28
75
11
13
23
47
55
66
92
17
26
35
80
18
80
47
60
67
76
77
79
46
55
99
54
99
27
72
13
73
73
67
48
45
59
64
34
63
43
94
32
61
49
79
76
99
45
79
65
52
63
11
63
41
93
92
47
23
39
42
83
81
13
78
57
14
28
75
28
18
46
28
71
47
28
43
61
17
71
36
53
18
11
44
92
97
16
18
24
70
69
67
45
96
41
76
85
99
38
72
57
56
83
61
49
26
93
31
92
81
74
20
95
90
20
79
68
94
31
61
60
33
37
72
76
19
73
83
82
19
13
83
68
95
99
30
35
77
60
68
92
43
96
84
18
94
69
20
54
70
47
96
83
29
31
52
59
84
96
61
57
26
49
30
94
62
56
88
93
78
79
76
98
98
78
88
86
45
59
71
14
78
65
65
46
77
31
35
82
48
88
48
19
62
10
12
36
50
78
12
72
91
47
80
53
22
46
28
86
10
69
14
18
63
11
37
59
31
14
49
61
87
90
97
44
12
18
28
13
80
53
10
47
69
67
55
62
51
62
99
88
42
51
98
57
68
14
80
44
23
27
22
57
10
92
14
28
21
54
76
69
19
87
26
89
75
12
36
44
66
17
57
73
18
96
26
86
27
32
51
50
30
79
56
23
41
54
23
85
90
18
76
45
20
71
53
96
12
44
61
68
30
54
98
98
85
30
17
71
61
75
29
44
42
87
91
95
65
24
88
82
28
63
60
63
27
10
73
30
93
67
26
73
37
95
63
40
22
74
10
88
11
71
53
51
41
29
29
64
13
14
76
17
54
96
20
66
79
89
65
85
80
72
93
40
63
20
62
85
35
83
58
95
37
64
56
25
57
87
36
34
90
95
30
25
93
60
75
87
24
36
42
35
90
95
22
91
96
30
84
32
24
34
86
58
71
24
33
43
99
72
62
82
78
19
62
19
58
43
89
84
40
19
98
63
52
11
71
54
51
47
70
96
58
20
53
11
34
64
60
32
31
60
37
57
31
85
84
56
50
90
10
64
72
45
69
30
46
95
42
74
73
30
29
53
63
85
39
23
10
29
13
21
16
82
26
93
73
98
92
86
86
53
48
57
62
72
11
65
59
73
52
92
81
47
38
39
82
43
13
29
43
73
59
70
40
40
78
86
39
73
53
89
49
88
16
70
19
52
26
97
41
47
23
81
67
50
67
48
71
60
38
40
54
73
94
15
50
96
66
23
90
94
42
83
49
44
26
84
46
16
94
63
14
71
64
19
91
26
57
37
71
87
79
90
95
49
84
34
16
78
57
34
56
72
98
32
39
35
25
68
80
46
42
41
25
12
74
98
94
11
74
39
67
23
46
97
76
40
40
53
28
44
13
35
14
97
47
44
71
78
63
57
15
86
63
42
82
19
44
78
15
26
36
25
49
15
35
20
84
94
88
73
56
58
14
14
27
36
41
24
57
44
47
21
78
80
24
42
33
29
66
88
40
77
90
25
22
24
32
53
34
98
43
92
94
57
64
31
92
25
43
23
35
84
83
99
75
76
94
69
56
18
61
42
76
26
19
62
20
50
77
60
48
80
50
86
89
15
25
26
47
93
60
91
78
95
53
19
51
42
26
40
51
48
62
56
35
33
75
42
19
14
60
23
53
98
92
64
30
46
92
22
10
21
50
18
49
23
46
40
52
61
25
30
75
41
47
58
60
33
57
75
15
14
32
50
26
75
59
57
92
59
78
22
95
49
89
32
28
76
23
95
43
66
57
79
62
43
82
25
82
77
86
79
85
72
70
99
77
85
89
84
41
75
17
53
98
56
66
83
87
43
28
21
35
27
20
55
72
86
36
91
23
57
13
95
34
34
50
64
18
50
73
24
89
32
25
38
96
26
71
16
98
46
97
38
54
71
16
66
86
50
15
54
41
10
37
73
35
91
63
76
70
39
96
57
39
70
63
73
22
65
78
13
84
24
35
90
31
50
18
12
37
79
43
55
27
43
62
54
31
46
66
49
40
35
61
56
