# 16019415	Teuku Muhammad Rafif Alwafi
27
53
99
17
42
11
43
78
51
88
16
93
58
68
56
59
33
92
36
99
37
42
63
46
43
19
87
38
51
41
54
63
79
75
48
60
55
11
80
42
34
57
92
46
15
84
97
36
36
45
68
78
88
15
18
76
48
78
62
74
68
52
47
19
45
62
58
94
15
11
71
94
12
46
95
80
57
66
16
62
62
98
16
97
47
41
60
27
78
34
42
49
81
11
38
62
31
94
99
86
63
80
83
15
12
78
36
91
79
49
22
49
18
56
12
31
26
70
11
63
33
32
28
94
33
95
49
46
98
74
43
70
33
45
76
89
55
33
97
84
74
28
28
32
32
56
46
64
44
58
95
74
64
95
11
31
36
42
96
94
32
76
96
10
39
34
90
15
48
29
90
72
50
93
60
58
50
78
80
73
81
17
13
52
19
67
82
24
17
74
54
88
69
76
41
18
84
15
82
73
31
51
66
28
38
60
48
45
83
22
90
83
92
54
75
35
25
39
48
18
82
52
68
85
17
87
36
44
33
59
81
51
55
70
57
68
78
90
99
34
78
96
61
49
10
18
17
43
59
20
29
96
64
63
44
90
57
79
24
65
88
50
68
74
78
67
12
11
96
93
51
79
63
58
42
19
79
60
28
15
90
10
60
34
56
97
96
20
29
51
88
60
20
74
57
19
36
86
36
50
35
23
11
61
37
16
59
16
23
44
95
94
89
12
54
17
23
55
65
69
51
90
21
67
53
56
29
19
14
41
25
99
16
54
29
55
27
84
34
35
40
58
68
77
70
56
18
78
80
57
72
36
87
21
23
73
39
42
17
65
71
50
46
19
53
28
83
21
11
47
56
17
49
42
57
44
12
75
76
52
72
77
57
77
50
84
99
43
92
68
99
68
77
47
61
56
47
13
36
44
41
49
15
14
56
84
64
75
56
23
63
21
31
11
11
57
61
68
86
37
97
76
47
64
64
22
83
82
79
13
99
75
19
77
68
55
21
13
57
20
85
53
21
97
61
31
15
76
69
93
62
83
22
82
97
39
95
45
96
89
10
44
45
40
39
19
75
86
56
44
66
90
50
38
93
75
99
23
71
53
67
44
42
32
44
73
54
96
92
84
25
55
44
86
38
26
43
20
15
12
38
79
64
29
50
97
91
49
39
57
26
81
72
28
79
93
80
19
66
58
35
65
90
89
79
51
41
55
89
13
18
34
22
24
25
56
70
43
58
68
70
41
53
88
90
47
81
67
47
60
86
56
54
41
99
47
74
54
65
17
29
75
65
86
82
15
42
12
46
81
87
27
65
70
65
82
83
27
72
70
39
61
22
14
48
90
87
58
30
42
22
73
68
71
47
18
56
95
14
36
11
28
97
88
35
87
34
52
75
48
71
74
16
87
93
83
70
77
18
49
47
68
13
68
35
39
74
82
59
62
29
52
84
45
61
55
19
74
51
30
74
85
34
51
14
93
56
88
54
55
42
43
50
34
74
20
63
82
17
94
94
76
64
57
19
58
37
66
86
80
79
12
76
80
98
16
13
75
14
16
68
25
25
58
11
14
83
96
23
28
15
69
77
32
20
78
81
26
27
60
36
78
49
14
61
93
34
40
13
81
77
11
61
53
53
31
93
13
64
30
37
86
56
52
27
88
83
27
69
40
70
14
42
35
59
22
43
87
50
90
14
53
88
59
99
78
46
59
35
95
91
84
44
30
80
32
16
48
73
51
69
14
16
92
73
27
99
28
90
12
53
85
27
32
87
19
82
32
11
77
27
33
56
55
17
62
22
58
57
66
69
31
56
31
45
74
59
81
20
37
18
70
13
82
30
50
26
77
60
52
76
43
73
80
16
54
92
14
23
48
22
49
76
58
61
25
49
84
17
34
54
36
81
61
21
37
47
50
48
13
76
43
87
73
55
69
24
57
64
76
73
87
86
27
11
28
63
88
42
14
61
88
21
68
13
68
71
95
38
95
87
31
24
24
20
96
23
12
27
51
76
22
98
45
77
65
43
53
78
39
96
71
20
69
97
10
10
68
74
29
20
30
49
51
70
76
27
25
77
59
25
34
78
45
42
35
93
73
41
39
21
48
46
59
67
21
93
34
46
54
80
21
26
64
29
46
94
64
26
14
55
40
41
56
91
18
75
55
23
61
58
54
32
80
16
98
68
31
64
81
72
82
46
26
28
79
53
39
96
87
18
47
39
55
80
75
61
77
21
37
10
63
32
34
64
25
26
29
23
74
61
82
39
38
23
11
58
18
12
81
