# 16019010	Huwaida Nur Asysyifa Mufarrida
44
86
56
54
20
61
48
12
65
93
37
36
86
34
57
98
48
96
44
16
55
21
75
23
69
47
22
73
87
56
38
12
46
40
73
14
40
14
77
15
53
41
76
34
85
81
20
21
99
45
59
10
87
78
72
80
36
43
53
94
76
40
47
85
75
62
76
16
17
67
53
41
72
39
58
78
70
27
75
72
10
99
67
78
20
93
37
68
63
22
93
47
88
11
68
72
43
68
70
98
33
11
36
32
50
75
26
15
83
86
30
19
29
30
67
91
48
47
20
84
93
39
84
54
35
90
83
39
52
71
33
98
94
73
20
42
12
84
94
55
30
34
90
74
56
94
87
72
35
38
74
93
56
28
16
72
28
75
85
94
33
41
60
47
69
16
34
45
77
66
19
13
84
81
83
28
95
44
10
23
13
85
18
41
43
31
96
53
72
79
39
34
40
52
96
40
15
57
91
68
90
52
20
88
47
37
77
13
29
67
24
97
68
62
86
79
22
83
39
90
48
46
51
13
67
94
65
39
42
81
43
24
11
69
78
25
88
33
30
51
37
77
90
45
94
43
83
38
52
69
60
18
56
60
88
39
49
86
57
61
13
56
11
54
74
81
73
90
89
69
87
98
97
10
74
50
58
15
59
81
68
57
12
37
94
87
22
16
37
28
68
79
85
47
10
34
31
21
92
97
21
13
19
93
96
11
26
85
83
87
86
20
89
37
51
18
12
57
42
73
32
39
46
97
61
77
61
55
65
32
92
20
68
94
98
28
15
81
57
20
18
10
24
23
50
87
75
90
46
37
58
22
94
88
73
53
99
54
46
94
61
70
86
98
18
71
89
22
64
52
37
14
95
63
27
21
17
16
12
24
52
86
56
87
54
15
78
60
97
69
81
33
12
81
70
24
86
89
25
30
97
70
31
37
84
93
35
81
48
97
74
13
44
45
68
75
54
32
93
92
95
95
78
90
14
61
22
68
57
10
36
85
13
90
16
11
27
12
27
71
25
51
35
67
77
61
41
33
17
26
25
10
98
16
65
55
28
79
13
33
32
38
50
83
53
74
26
72
11
51
91
21
61
83
57
75
70
36
46
70
80
25
96
17
54
77
50
96
79
48
20
34
97
12
99
11
38
86
82
34
39
36
46
81
34
64
50
91
80
72
23
91
56
28
68
24
69
72
48
19
38
30
67
51
21
93
88
54
86
17
36
37
37
85
31
30
35
91
71
45
69
76
81
40
44
62
23
32
94
43
89
65
11
43
52
78
88
23
37
33
40
23
38
47
36
47
86
81
31
12
68
50
23
13
52
76
20
67
26
87
22
83
14
87
50
83
49
46
77
82
84
37
11
51
96
78
21
92
91
94
55
52
19
65
33
11
78
65
22
47
27
93
93
88
15
36
48
35
45
63
15
39
25
44
47
34
27
50
18
52
73
60
37
61
36
18
45
77
17
28
80
24
79
75
16
58
35
66
43
92
54
59
72
77
27
33
73
62
71
20
20
42
72
10
26
28
50
76
21
87
20
78
20
91
56
32
31
49
46
42
13
75
24
23
15
93
45
73
38
68
75
71
90
24
32
13
76
79
16
73
25
88
38
25
66
19
96
46
78
81
65
62
38
11
79
16
51
25
39
39
21
94
16
51
16
45
78
67
35
40
96
85
73
68
42
99
72
84
34
60
65
19
84
69
54
87
89
95
10
64
70
71
11
64
54
98
42
85
51
51
27
10
35
56
60
54
43
97
45
80
11
16
88
96
19
80
55
55
52
65
80
12
20
75
60
49
37
21
64
62
93
46
53
94
80
42
35
63
91
51
10
93
23
99
51
50
80
72
76
24
35
46
65
65
51
47
82
55
62
21
94
64
52
63
63
94
71
85
69
52
66
25
92
77
32
96
66
23
72
87
44
85
86
67
73
11
51
46
72
90
24
32
26
92
84
93
31
30
32
65
94
29
12
97
32
98
48
44
57
92
61
75
80
64
69
43
25
34
27
73
86
53
20
92
47
27
60
40
28
12
28
58
20
50
21
81
52
92
96
32
29
90
89
20
48
32
26
62
88
59
57
82
47
40
55
91
37
56
78
77
38
36
12
70
67
90
70
63
27
31
58
26
71
46
71
86
16
68
62
56
27
86
18
42
32
71
81
24
46
32
78
77
43
83
56
24
94
98
88
57
13
56
19
45
78
64
70
55
61
35
64
50
76
63
27
63
55
42
89
98
32
11
60
92
15
54
36
80
72
17
33
59
96
67
32
99
19
58
77
84
