# 16019220	Isnaini Mufidhatul Mughni
78
25
33
96
56
10
60
99
33
40
86
41
29
66
32
50
60
30
67
56
27
90
63
34
11
55
82
67
84
93
70
60
85
35
13
21
60
68
38
10
85
32
68
66
73
73
72
54
93
69
70
56
87
17
52
14
75
12
74
70
76
56
78
76
99
30
83
15
21
68
23
21
24
18
11
58
50
68
41
60
10
56
77
24
34
21
35
46
63
85
33
91
72
45
67
55
21
11
36
48
12
99
32
76
67
35
29
18
77
15
36
37
98
17
34
79
50
64
40
30
40
73
82
56
22
45
79
84
65
42
34
72
12
40
52
54
94
27
27
18
48
12
44
92
36
99
54
33
81
74
71
81
24
40
35
23
83
16
44
95
61
11
54
46
56
41
40
51
70
95
41
21
60
12
61
90
16
15
78
63
51
77
58
17
58
38
12
12
39
95
25
12
55
33
73
53
83
65
12
97
86
45
60
47
20
84
33
76
66
55
99
61
90
37
59
69
84
44
44
22
66
28
35
17
65
24
19
39
35
30
26
30
42
51
33
59
14
62
67
98
69
20
72
87
19
19
17
95
69
35
83
17
25
98
12
68
28
64
57
93
43
64
37
34
78
68
61
45
55
17
83
17
46
64
70
98
42
40
32
14
40
69
44
12
92
40
43
44
30
39
68
52
88
88
49
32
50
93
25
47
26
75
48
89
43
74
73
72
79
74
86
94
62
53
26
68
66
64
60
14
19
82
80
11
81
57
17
79
45
25
36
19
37
64
75
25
81
74
92
47
96
23
40
97
30
70
59
62
72
88
11
69
25
48
42
69
19
84
39
62
69
57
69
78
96
32
24
73
85
26
60
39
79
91
96
16
25
38
78
52
85
14
52
78
83
11
97
92
38
89
66
96
23
72
76
36
12
20
13
79
87
71
12
85
50
78
23
91
75
74
27
81
25
50
40
39
91
43
67
88
69
71
78
72
55
66
44
92
42
28
75
27
14
59
80
61
95
71
79
34
13
87
84
27
86
56
81
21
97
70
75
92
28
60
59
80
28
95
56
45
63
27
53
94
94
89
28
37
72
95
54
31
48
38
41
62
56
12
41
95
69
61
88
80
10
22
17
25
47
26
72
38
31
29
16
50
14
87
37
68
56
61
79
47
92
62
72
53
38
71
43
48
16
61
97
56
54
12
25
81
18
67
97
71
51
78
40
65
86
27
86
97
59
33
96
80
81
51
30
15
86
72
60
54
29
67
54
23
61
12
56
66
71
16
27
84
14
62
56
96
65
22
23
90
97
75
56
73
58
32
79
25
95
36
89
69
45
63
87
83
30
92
98
71
91
16
23
97
50
63
11
37
18
81
42
38
11
45
98
13
29
40
79
60
28
81
38
86
75
30
71
13
19
22
62
30
80
71
36
97
21
26
44
24
90
77
12
87
58
46
97
77
92
65
76
88
16
52
88
87
19
35
48
19
36
16
66
21
41
99
60
71
79
61
79
14
34
59
89
40
88
52
24
60
71
55
47
32
18
77
77
47
15
45
73
98
92
14
99
29
92
26
31
77
50
69
69
75
60
40
22
59
57
50
75
31
71
70
11
64
13
79
42
60
46
49
87
96
58
21
30
32
81
34
72
92
92
63
39
99
70
55
86
10
54
51
89
22
88
33
57
18
67
88
27
35
98
63
67
78
51
39
25
24
74
16
98
28
67
96
65
10
68
96
68
68
88
68
63
84
39
46
12
14
16
90
39
28
49
50
41
79
73
24
44
77
94
37
22
34
26
74
79
89
77
15
11
77
95
35
19
65
97
75
27
10
23
94
16
60
93
80
98
29
54
58
32
11
92
14
50
31
51
22
54
70
50
40
21
97
16
27
82
52
26
72
31
72
55
45
93
12
61
52
94
40
32
79
29
45
45
72
19
22
28
64
24
30
83
26
94
39
97
88
37
17
72
59
37
68
93
29
46
87
47
50
71
45
23
69
94
72
41
19
50
87
17
46
93
68
12
18
54
16
65
97
92
54
70
58
15
69
49
60
44
83
33
70
85
37
60
83
18
51
61
79
41
52
84
11
94
19
29
72
39
57
57
86
87
86
79
99
17
49
11
66
15
32
28
45
64
48
46
26
96
31
50
63
60
83
57
89
57
94
74
13
63
86
56
59
16
69
24
57
93
62
80
13
89
33
32
37
24
90
87
99
25
68
80
98
96
57
69
52
39
31
91
16
44
49
65
12
97
85
81
91
38
59
77
75
61
35
19
26
66
32
64
30
72
64
