# 16019310	Mohammad Akbar Ferryansyah
29
84
98
86
62
88
68
72
70
77
27
36
39
95
61
34
39
78
42
69
44
77
41
41
91
19
65
10
15
91
15
74
28
79
98
88
70
32
44
82
62
16
39
75
32
80
62
26
21
80
26
16
76
72
70
51
46
98
85
73
96
31
88
76
68
29
54
12
28
25
53
22
45
23
37
43
21
70
34
92
20
98
59
45
57
82
14
59
38
41
71
76
39
18
54
43
68
26
30
13
59
88
78
31
60
38
15
88
88
39
62
60
85
10
22
76
85
95
90
77
81
64
11
62
76
35
70
80
56
28
48
94
68
85
56
92
23
52
80
95
44
27
24
59
89
12
96
90
67
20
73
88
64
72
42
24
78
23
58
47
88
22
24
17
87
25
73
55
16
83
61
63
56
51
93
70
16
16
75
50
70
13
69
58
55
76
76
96
61
29
69
72
29
77
59
18
66
79
77
24
52
18
90
75
69
66
32
13
67
98
97
76
83
49
39
99
52
12
55
51
25
17
55
82
67
95
51
65
13
85
94
17
10
93
73
93
25
95
76
79
45
79
19
39
65
76
57
67
26
90
33
88
65
17
96
61
25
13
33
62
91
75
41
84
99
14
92
80
10
67
59
59
67
63
34
43
78
67
67
13
22
11
76
85
82
46
54
27
45
35
17
89
33
61
98
64
99
58
97
65
63
10
64
57
36
28
29
73
82
21
53
67
29
10
59
34
61
25
21
43
84
91
72
41
17
73
78
19
96
90
73
26
98
63
31
91
54
26
13
69
92
39
46
41
40
70
62
61
26
50
36
33
92
92
32
71
68
41
42
80
35
14
78
89
69
39
86
55
84
96
15
72
53
57
82
41
10
98
93
17
40
29
49
51
12
69
68
97
77
68
72
77
25
99
69
91
58
66
39
84
88
36
45
86
43
12
61
82
52
55
88
37
56
19
84
91
32
57
45
68
77
48
13
39
66
55
71
89
77
70
89
98
47
75
11
12
15
42
53
75
12
49
64
67
66
68
57
19
98
36
30
49
95
99
89
37
77
45
47
49
72
93
45
57
94
57
31
98
63
29
89
78
95
77
79
40
53
14
80
90
83
48
38
40
34
20
16
40
83
43
56
66
84
99
25
63
59
95
76
59
65
60
81
57
42
16
39
71
61
80
52
85
74
12
68
58
17
34
67
46
22
12
87
28
61
84
77
52
15
85
53
73
16
41
38
50
80
87
98
11
11
54
39
79
41
25
13
43
38
86
55
55
66
62
79
74
75
45
53
91
88
10
18
25
64
63
44
20
86
52
31
43
67
50
34
42
25
87
38
15
57
61
20
39
27
27
48
16
41
58
24
33
45
63
36
70
16
45
49
50
83
80
42
12
60
46
26
26
99
43
27
63
11
59
92
52
13
51
37
97
93
96
89
23
69
26
32
47
69
91
68
76
86
87
67
30
25
26
48
21
35
56
16
23
46
85
44
58
10
29
16
55
87
59
97
56
22
88
59
31
77
87
44
32
93
81
77
29
27
64
78
20
56
24
90
62
78
16
37
70
28
85
84
35
10
35
41
14
20
51
31
28
81
78
17
19
27
11
59
16
47
80
21
42
17
94
11
24
46
32
40
73
13
70
69
35
57
25
93
32
44
32
40
55
80
43
83
60
20
18
71
47
92
90
39
73
68
89
89
98
89
81
29
21
66
67
91
91
24
43
35
70
64
22
33
25
48
54
66
62
16
20
15
79
89
89
31
33
90
21
54
30
71
58
66
16
82
92
50
43
67
37
17
95
27
60
81
57
93
82
32
25
34
66
85
93
53
36
32
42
70
36
58
73
11
53
80
90
62
85
56
39
53
34
70
62
84
28
29
39
96
44
39
43
89
58
79
79
65
51
26
35
47
85
17
94
42
54
61
12
44
61
50
39
48
82
38
17
50
37
64
33
20
41
48
50
49
38
68
42
93
56
42
25
40
80
81
65
83
14
63
43
12
67
55
58
62
82
99
89
43
92
14
84
74
76
93
13
61
43
32
54
50
98
36
23
45
27
48
42
83
18
26
12
57
84
11
88
98
47
22
92
50
59
51
61
69
17
44
12
60
70
58
99
91
18
65
70
74
64
26
41
54
16
44
25
65
50
90
30
90
94
50
50
88
38
12
66
56
41
60
53
58
54
93
29
93
19
15
59
53
41
88
68
49
93
74
51
91
24
44
99
59
33
94
96
57
18
57
51
16
22
35
95
43
14
50
73
81
98
78
44
56
76
82
18
90
62
63
39
