# 16019330	Azahra Dwi Pangesti
31
11
48
61
64
88
25
26
67
95
37
21
11
20
84
72
70
64
76
40
67
24
34
54
46
74
33
95
54
57
17
15
19
13
56
48
81
20
50
97
12
48
98
40
72
30
75
28
41
73
67
83
87
79
36
56
80
51
88
23
46
39
21
13
38
17
60
25
12
38
23
82
56
28
29
93
31
99
71
84
62
11
27
13
45
74
80
63
56
41
90
22
42
41
92
77
19
45
38
60
34
66
15
38
64
58
28
17
30
81
25
62
80
93
26
43
77
33
53
25
83
27
17
52
32
59
98
86
33
17
91
79
80
23
47
28
13
14
59
89
71
56
28
79
21
91
58
82
77
77
84
24
69
44
60
71
27
97
14
24
94
45
36
25
53
49
87
24
34
11
11
68
46
31
78
34
11
28
90
39
80
82
64
46
91
57
96
49
58
83
18
81
16
29
35
14
45
69
60
94
20
75
42
19
73
53
75
99
99
52
91
86
73
68
79
19
31
29
88
23
71
51
79
28
12
36
69
89
12
94
90
22
25
83
92
22
17
83
17
35
85
90
69
45
98
39
93
76
36
34
13
58
28
37
43
58
36
93
88
31
19
89
49
77
26
46
39
55
54
87
67
94
71
89
27
41
67
35
59
17
23
36
87
94
66
82
89
13
87
27
73
25
65
39
98
83
47
39
88
27
34
64
38
22
33
99
36
13
84
68
75
53
20
25
62
25
98
69
33
88
61
77
63
93
66
38
80
72
45
73
58
37
99
82
50
13
74
15
21
85
25
84
41
76
59
36
29
65
71
76
74
61
61
79
62
89
93
53
61
22
68
73
61
34
44
83
54
20
11
23
53
30
52
34
88
90
42
82
58
57
36
98
41
32
88
92
49
48
75
35
23
29
70
24
49
79
49
37
12
98
10
53
56
19
72
81
18
93
47
52
61
56
61
83
87
93
81
97
81
40
94
61
85
23
83
77
91
65
78
85
67
25
67
24
84
17
97
91
40
81
48
99
84
82
37
43
89
50
49
30
46
24
23
92
84
90
27
12
78
43
51
51
50
96
44
19
93
80
19
46
18
48
68
89
11
10
20
84
17
28
29
19
61
59
59
32
34
61
22
55
67
31
22
30
33
75
47
66
33
88
80
54
84
89
64
14
85
79
59
23
29
32
55
17
58
96
15
84
61
74
24
16
84
55
81
57
97
25
71
77
39
74
97
17
64
74
63
56
84
55
62
41
40
25
73
15
12
79
59
45
21
29
37
57
82
15
35
16
42
65
21
12
82
43
24
21
85
26
46
54
15
96
40
64
97
63
42
57
55
52
50
16
26
67
80
37
77
63
33
39
91
91
86
87
58
63
94
17
94
95
96
49
48
86
35
77
35
58
33
96
95
62
33
11
34
10
85
28
26
79
75
21
35
28
58
74
29
81
14
26
48
56
82
78
83
80
27
13
14
48
84
91
64
47
49
52
10
75
28
63
44
78
25
73
27
93
29
30
33
23
64
47
56
51
77
44
42
94
78
79
78
27
62
87
30
46
20
36
37
80
79
89
17
92
66
63
75
13
27
24
86
10
28
99
30
17
12
72
43
36
68
91
72
95
20
47
18
14
61
98
69
41
35
39
96
24
55
12
77
69
75
91
40
44
20
20
87
38
30
59
16
16
63
37
76
13
65
10
70
71
19
82
39
93
11
30
49
34
98
20
66
18
67
32
73
78
98
69
89
49
60
40
22
31
58
83
77
27
96
45
71
79
41
90
15
41
17
31
19
37
33
76
92
46
69
80
33
59
82
79
43
37
24
43
58
48
35
42
53
56
35
45
99
13
30
40
62
25
41
66
92
43
27
68
51
34
35
36
87
92
37
10
77
16
13
84
97
87
39
45
13
95
22
88
45
71
91
23
52
43
80
59
46
52
19
96
60
85
20
62
67
83
62
39
15
51
66
63
34
10
67
71
97
37
12
70
57
40
13
37
97
27
82
70
48
94
52
49
45
93
77
62
20
67
93
95
36
27
43
73
79
30
80
50
10
19
75
88
40
47
43
31
25
78
75
51
15
98
90
24
32
71
74
70
65
80
15
66
37
99
84
88
88
58
25
55
91
27
20
12
16
48
97
81
77
26
27
16
76
55
24
29
65
50
55
59
29
11
89
72
36
44
32
93
94
38
96
36
97
63
74
73
78
63
12
71
80
14
76
57
44
53
50
68
79
53
71
35
15
35
51
77
11
50
34
86
60
54
15
14
70
98
20
26
96
74
53
95
33
29
