# 16019060	Sarah A V br Napitupulu
50
94
67
87
52
32
49
37
70
75
83
66
28
81
88
23
71
57
86
35
84
62
71
33
76
70
66
26
19
83
49
13
20
77
79
46
36
11
78
57
96
31
95
44
81
28
44
60
44
67
92
13
95
67
75
80
37
66
74
16
90
80
85
42
25
43
79
95
45
52
33
13
24
29
99
48
26
19
25
70
98
41
14
24
88
12
94
84
63
65
65
48
19
45
92
51
31
42
88
11
69
34
35
15
83
42
67
58
15
98
31
70
92
26
24
95
39
54
37
35
87
46
54
48
11
46
54
90
40
77
39
23
83
65
29
17
85
62
48
36
63
82
40
42
64
99
14
36
29
48
65
54
64
27
85
53
15
50
47
71
81
22
32
82
62
71
35
90
53
31
48
24
74
79
90
54
24
89
20
24
81
64
90
86
77
57
71
18
89
34
77
15
87
10
13
95
49
34
83
27
90
20
98
62
24
95
44
21
80
53
74
73
59
97
75
35
16
61
13
84
42
79
26
11
70
33
16
86
24
58
13
76
48
72
36
64
78
20
63
12
60
36
94
71
95
68
95
96
54
62
63
62
93
11
43
63
53
93
20
98
51
57
24
89
72
13
10
13
58
36
87
31
77
29
58
33
82
98
66
42
79
59
48
81
38
89
45
96
54
61
75
31
59
27
20
14
16
92
25
16
60
94
85
11
90
34
25
99
40
99
96
94
19
46
72
74
84
38
63
42
96
10
57
93
46
48
18
80
87
30
98
51
96
78
60
13
39
45
84
84
75
89
75
51
22
10
31
77
65
87
24
62
14
98
67
69
70
34
32
65
49
37
86
50
98
44
45
94
65
82
49
82
97
64
30
25
59
54
66
77
31
69
43
83
24
25
28
22
85
68
19
73
38
93
28
12
83
59
73
27
54
64
36
27
73
24
74
50
75
49
45
21
29
16
72
30
54
22
95
11
25
41
20
65
59
47
67
55
33
70
95
74
52
93
64
62
80
46
69
22
69
78
95
17
60
30
73
27
37
58
13
98
13
98
18
29
59
59
52
91
78
95
11
38
86
19
36
68
68
40
30
33
22
10
96
44
57
56
54
77
36
27
23
45
69
49
16
93
98
99
80
76
79
82
44
40
75
53
99
24
72
69
17
73
35
92
21
45
82
91
91
83
27
51
65
81
55
85
33
45
89
90
52
64
76
26
65
31
16
11
63
28
37
78
34
88
47
83
14
29
72
78
27
26
18
80
80
59
33
83
53
78
74
11
35
16
67
24
99
46
32
11
12
81
89
56
18
38
64
73
49
75
37
41
14
12
47
89
66
47
23
55
55
56
35
76
98
97
18
11
96
88
89
12
75
92
82
14
53
86
41
80
65
33
15
32
45
26
23
40
43
11
70
29
14
53
18
31
27
45
56
70
80
90
26
71
74
40
29
20
67
70
56
88
78
39
77
95
81
75
55
14
92
58
10
34
41
46
27
83
17
14
27
38
51
62
75
10
89
76
17
78
51
51
47
45
16
15
44
97
60
68
40
60
85
91
69
82
93
31
53
60
33
83
34
97
88
75
14
26
22
55
13
70
72
91
61
45
51
13
12
78
52
55
56
84
60
66
34
23
47
43
60
88
11
58
45
70
38
48
25
65
85
59
40
52
17
85
87
60
31
67
91
24
44
42
84
33
44
24
55
48
93
67
91
55
22
88
37
38
98
69
87
38
99
27
83
82
90
96
84
86
87
17
96
54
72
88
83
97
93
88
90
78
24
93
60
69
56
79
64
22
76
49
79
13
93
10
88
23
64
54
80
15
29
20
79
10
72
16
15
13
15
80
91
72
99
86
61
79
57
43
70
44
74
62
48
35
86
93
42
41
99
87
93
36
15
26
84
42
44
68
36
16
93
81
38
43
50
43
28
32
22
37
57
57
97
99
25
79
22
33
67
11
46
48
92
60
29
69
26
53
63
22
13
84
77
48
71
58
88
90
66
87
65
89
36
19
82
94
20
31
66
53
34
21
66
85
93
73
72
32
47
37
25
91
16
53
12
36
87
73
57
81
25
20
68
81
79
18
20
99
57
38
35
26
68
41
38
13
93
82
59
95
61
30
29
98
54
68
30
13
89
48
69
72
15
46
56
16
64
38
55
95
72
87
26
44
32
67
39
19
85
67
67
19
92
69
84
61
54
69
66
33
19
45
51
31
75
70
68
68
62
88
90
62
21
40
20
49
96
35
29
16
41
96
61
18
87
83
34
93
24
96
89
65
28
18
38
40
