# 16019115	Kemal Rizky Fadhlurrohman
42
88
19
44
85
71
22
55
69
64
59
71
48
25
53
88
65
87
29
13
43
81
61
63
81
97
66
91
21
51
82
48
99
15
31
72
82
66
57
50
59
77
52
90
84
93
57
38
87
53
21
59
88
18
47
73
45
20
78
61
92
92
39
85
27
56
23
42
38
24
18
69
35
78
15
90
41
98
28
98
32
32
66
92
47
10
67
80
22
88
18
48
15
95
93
63
43
64
86
95
49
10
20
80
71
13
94
33
44
50
75
35
90
46
54
87
69
40
91
82
49
58
82
80
27
96
15
34
27
64
31
80
69
15
88
14
31
33
29
40
72
23
61
11
97
27
87
69
36
73
31
11
83
68
78
18
30
61
65
68
41
31
95
32
61
67
82
35
29
68
59
29
99
18
61
51
25
74
37
57
80
25
48
91
72
71
20
69
21
53
50
69
44
89
80
38
91
97
85
42
27
76
70
85
86
52
53
34
91
76
79
83
95
20
22
75
64
20
40
13
36
38
54
12
31
43
80
15
43
42
52
30
96
77
58
45
22
41
37
44
61
73
99
20
21
19
56
13
88
78
17
96
24
44
17
37
13
89
80
89
51
27
79
28
41
67
82
33
47
33
84
87
57
11
29
66
60
39
48
13
70
63
79
10
38
50
88
28
40
43
23
77
98
91
74
31
47
81
39
72
65
98
67
19
66
30
23
67
26
37
44
45
30
66
82
49
20
28
80
62
61
65
33
84
42
81
42
96
88
90
82
35
93
46
34
85
23
37
20
36
92
94
71
75
85
92
13
86
34
20
39
73
58
21
67
90
29
39
19
78
46
58
68
81
62
87
38
64
29
45
99
53
34
87
43
62
40
64
29
32
66
32
19
60
87
30
54
97
54
23
19
48
39
50
84
23
46
69
49
27
16
73
40
48
54
20
27
24
92
51
86
48
44
18
17
13
57
67
66
67
49
88
26
69
83
12
77
92
69
20
29
17
95
44
32
25
65
17
41
16
79
35
52
75
18
37
44
41
75
74
66
31
92
67
74
25
58
50
62
49
66
95
64
82
89
23
74
24
61
96
28
55
12
92
14
52
75
34
12
10
27
28
21
78
67
79
62
83
85
87
48
36
58
52
10
76
82
45
12
84
13
45
28
80
12
33
91
44
86
10
40
90
92
69
50
22
77
76
39
25
34
71
94
93
26
72
91
37
49
23
52
23
58
66
40
46
72
32
14
71
60
78
88
94
53
19
35
98
21
97
49
76
45
30
25
22
33
75
36
65
10
14
72
44
28
20
52
92
26
70
12
49
62
28
62
25
93
14
68
54
53
51
84
30
39
94
27
91
95
24
52
97
21
69
49
56
27
69
93
95
29
72
81
58
20
80
54
56
42
18
66
66
57
42
26
22
53
38
35
70
32
37
36
29
70
21
59
36
49
64
62
81
77
93
26
56
89
58
37
43
46
15
87
66
98
75
19
45
12
25
58
70
37
96
50
13
91
93
76
36
25
43
69
88
82
66
41
68
23
90
80
75
34
15
59
38
17
47
50
51
78
82
25
84
31
68
25
49
35
31
13
76
77
56
17
54
43
18
37
55
69
70
38
44
24
99
52
53
34
76
88
43
89
36
13
10
72
80
15
61
75
21
35
51
72
13
31
41
79
93
13
28
78
48
75
33
67
84
50
25
25
31
68
20
37
34
60
84
73
99
58
51
19
86
84
25
28
84
72
13
67
20
69
83
14
31
68
42
82
24
13
30
99
65
38
57
64
97
20
67
61
33
81
95
51
68
34
28
70
32
72
25
19
68
33
84
68
94
71
68
17
97
29
47
14
75
68
26
92
88
20
54
89
36
23
50
37
62
21
66
45
89
75
82
97
91
12
85
80
27
33
18
74
64
68
93
21
36
71
12
46
80
38
70
34
29
74
45
96
57
45
19
47
27
99
12
88
81
37
70
17
56
54
11
50
31
32
65
14
63
17
87
12
34
43
20
62
96
31
57
52
23
13
87
86
75
62
29
50
98
68
42
21
76
34
29
35
39
82
97
58
66
98
15
72
70
98
32
73
33
88
95
40
42
49
15
21
13
64
56
84
18
45
73
53
12
14
75
66
48
30
36
15
41
88
23
76
30
45
18
64
47
30
20
73
71
59
49
89
47
70
78
86
50
74
55
55
59
51
54
38
91
40
26
71
55
74
59
87
65
43
85
74
18
49
69
25
38
65
76
82
42
32
88
39
79
88
67
76
67
81
14
48
76
28
90
49
68
31
74
