# 16019355	Anneke Dian Islamiati
11
24
43
30
87
48
63
89
15
92
64
37
85
64
20
84
83
54
30
13
46
61
30
76
18
78
70
26
35
77
64
80
86
35
37
54
88
14
98
12
57
98
63
94
26
24
84
14
10
86
39
13
33
67
33
84
18
98
87
15
32
71
89
16
88
41
30
12
54
64
72
90
13
66
93
40
21
35
45
75
85
20
48
68
13
31
36
89
91
23
12
48
71
25
55
58
99
96
99
10
10
28
43
20
38
24
84
85
68
56
33
30
11
30
83
18
11
33
37
43
71
64
46
22
60
51
88
60
29
18
39
82
34
87
66
68
47
40
93
22
75
90
17
92
21
48
44
15
65
52
17
45
64
56
92
11
27
22
31
81
15
97
12
75
53
88
76
25
75
95
47
27
76
38
85
44
45
33
72
32
82
18
83
77
89
47
31
22
45
64
84
27
88
49
84
82
68
48
10
74
64
62
56
38
79
91
28
44
73
81
23
33
54
84
60
16
71
20
34
94
19
42
21
46
82
30
69
98
67
70
39
35
76
32
93
29
21
64
12
77
25
15
35
19
91
94
75
75
50
80
19
55
60
51
19
56
90
47
20
33
33
91
58
56
53
97
91
54
11
61
63
33
38
95
94
18
74
93
80
60
54
31
29
16
23
96
38
18
65
35
61
87
66
51
51
32
39
17
80
61
67
23
88
43
57
27
69
47
19
81
77
27
68
36
25
43
19
41
39
15
16
64
64
72
74
62
30
36
27
11
73
47
62
19
77
81
93
93
98
34
92
70
56
30
34
60
34
16
45
62
14
80
68
43
93
34
89
48
27
44
62
76
27
28
15
53
20
77
12
48
82
81
83
33
65
62
62
72
61
87
33
64
51
25
44
23
38
14
41
35
98
27
36
12
32
63
95
28
29
93
92
41
18
79
24
23
73
87
54
60
13
97
64
79
99
79
15
59
76
43
77
14
65
55
39
60
42
58
24
56
67
61
82
62
91
91
74
87
23
18
59
36
71
83
18
88
62
99
37
23
18
56
64
76
97
51
79
81
95
66
90
43
88
11
59
38
37
49
88
68
76
71
68
17
48
69
78
16
20
46
18
66
37
32
29
70
70
70
30
80
84
68
86
69
86
35
59
92
76
25
42
76
18
12
19
48
51
88
15
70
37
34
76
32
39
50
41
95
60
61
59
75
58
27
40
79
62
39
19
15
88
60
19
46
62
94
89
66
33
48
69
65
85
46
97
48
66
22
25
59
35
31
81
49
58
10
77
18
53
32
85
38
96
88
51
15
38
13
38
73
27
21
70
35
64
98
83
38
14
70
33
55
10
95
39
60
27
83
33
58
25
80
54
40
27
39
45
83
31
53
61
20
59
64
20
31
45
73
54
30
87
61
78
54
63
33
72
11
31
45
52
51
96
71
13
98
43
72
46
70
64
45
47
83
14
48
74
66
75
73
57
19
71
36
39
45
80
82
78
33
21
54
20
49
58
32
16
53
30
17
27
51
91
23
27
85
11
53
65
89
74
43
87
22
89
54
71
61
32
84
98
95
57
39
41
29
56
32
95
54
98
35
67
77
50
47
28
39
88
93
61
78
80
77
77
68
59
14
64
41
67
52
54
89
15
97
90
57
81
78
71
25
71
43
59
46
28
92
37
61
77
37
91
72
28
40
32
20
20
75
71
97
47
37
66
25
67
21
88
66
51
97
21
67
47
75
41
92
21
23
26
76
80
69
26
22
22
97
33
66
48
21
80
14
82
29
39
52
55
88
22
70
89
24
34
56
86
58
85
77
27
98
81
78
89
29
44
12
14
10
45
53
81
47
92
38
89
50
26
16
61
82
33
11
52
74
31
63
73
61
61
37
43
98
88
58
21
99
45
43
56
68
12
84
16
34
90
91
66
64
96
77
91
15
73
14
29
30
88
59
21
33
70
83
59
60
90
63
40
63
25
29
57
52
50
94
33
43
74
98
58
95
33
57
14
59
15
33
65
60
78
55
16
47
39
76
51
88
88
22
37
22
51
33
49
54
15
44
83
81
80
32
45
29
47
28
86
58
63
91
41
90
85
95
56
52
66
93
97
63
72
16
55
42
84
59
54
88
84
10
41
60
38
89
29
69
34
29
13
86
74
95
48
62
54
38
97
89
83
31
72
73
97
45
42
22
26
53
56
18
33
34
63
56
33
83
35
74
65
67
24
54
46
10
97
13
94
38
59
90
18
99
78
98
73
25
75
26
45
76
58
97
55
98
32
24
19
16
89
36
