# 16019165	Vincensius Ferer Christian W.
90
31
31
58
78
99
85
14
49
57
64
38
68
19
76
73
39
23
28
26
62
77
60
16
80
42
48
23
70
77
26
14
23
50
53
67
46
60
58
33
12
18
22
32
35
70
98
91
84
76
11
31
64
18
66
44
84
92
57
96
81
78
19
89
62
65
37
66
46
43
61
73
58
74
82
34
15
37
95
72
39
71
45
93
69
61
80
65
48
86
53
69
35
54
57
84
48
81
86
92
68
91
98
87
37
84
72
68
40
11
26
50
20
38
97
55
18
54
91
57
26
91
88
97
21
28
45
59
43
74
38
66
64
61
23
24
88
10
43
46
88
26
88
26
84
34
20
89
55
66
61
81
81
25
55
30
55
10
16
40
97
63
97
11
67
78
17
89
84
82
18
47
72
46
12
40
26
75
38
63
81
79
94
49
97
87
27
77
84
23
96
24
33
81
33
36
89
75
62
10
27
47
96
77
52
63
35
76
69
81
57
65
85
27
96
52
65
89
26
87
10
82
50
28
78
66
78
46
75
92
94
67
60
51
63
93
91
27
26
13
87
36
28
34
16
78
89
52
42
30
94
78
50
89
26
69
41
56
64
73
28
32
88
20
39
57
20
77
48
36
37
61
46
28
33
27
71
66
39
39
45
41
60
21
76
40
67
35
60
41
79
17
81
62
11
19
70
67
15
86
70
81
25
10
64
48
97
92
51
96
26
64
21
64
19
58
33
59
63
16
90
78
33
49
57
90
81
90
95
50
38
55
28
67
81
25
22
37
93
12
99
83
47
30
86
25
28
43
32
89
45
10
52
31
95
81
38
53
14
77
57
41
97
17
95
33
12
31
66
80
78
24
21
35
33
78
59
55
70
56
16
90
90
14
97
94
84
65
13
33
46
15
45
26
33
46
88
42
80
13
61
80
88
20
37
62
76
81
13
65
55
89
99
82
74
67
31
95
80
40
71
74
68
66
90
25
44
53
40
39
58
24
29
34
10
81
41
81
57
17
53
24
26
33
64
83
37
21
93
89
22
57
12
50
42
67
61
65
93
46
16
92
26
75
36
86
73
37
51
45
27
75
38
55
63
42
40
19
32
30
86
11
85
18
94
62
94
66
36
82
13
81
87
78
24
34
39
14
98
37
97
22
46
37
85
33
63
65
87
88
60
26
66
48
13
18
28
70
57
33
10
82
59
50
91
64
72
39
17
31
11
30
10
71
95
51
89
72
23
75
24
18
13
74
49
97
14
71
68
23
21
40
39
54
18
17
19
42
48
87
81
11
79
90
91
24
48
87
95
45
25
94
84
17
99
64
17
91
78
21
95
56
56
21
19
46
87
79
76
31
84
42
26
50
39
66
53
63
34
89
46
93
99
88
96
16
83
65
20
51
58
83
15
59
89
35
51
11
81
60
64
62
34
15
57
23
95
26
75
90
43
74
75
57
95
46
56
91
24
32
41
59
50
30
76
13
64
90
97
40
41
60
58
63
20
38
94
30
66
48
50
60
70
39
69
33
85
96
76
71
51
99
81
22
89
33
86
51
67
82
44
85
66
19
79
79
38
42
57
42
44
15
58
49
50
24
59
89
31
66
88
61
54
88
60
55
10
36
54
59
88
57
20
54
96
42
76
81
10
24
25
33
17
61
34
30
97
36
20
98
32
65
34
87
64
46
22
38
33
24
61
81
60
72
33
53
81
54
36
42
53
44
35
16
76
29
38
77
41
48
86
86
34
81
21
84
73
27
63
47
22
49
64
92
71
61
33
80
55
17
64
96
77
27
48
94
60
54
22
74
82
72
85
83
45
45
14
21
14
18
86
70
46
62
75
39
80
93
81
77
10
35
18
99
81
77
41
28
85
33
24
29
77
89
32
41
11
83
53
92
72
63
29
20
14
76
44
30
49
53
53
35
96
89
40
87
80
40
18
38
77
93
57
55
82
62
77
94
71
44
78
43
29
82
92
31
81
76
36
39
54
62
81
82
84
33
25
73
23
30
36
92
51
89
96
73
90
21
61
99
85
76
97
10
35
31
64
53
61
10
29
80
49
42
83
11
94
67
16
84
79
11
32
31
58
14
81
77
53
85
53
46
42
49
47
12
54
49
10
51
64
76
21
68
39
10
40
75
41
69
88
36
21
42
37
67
72
15
14
83
58
19
64
28
65
61
27
32
29
13
11
95
12
37
75
14
68
90
61
54
65
27
78
66
42
64
93
84
60
37
92
85
99
58
64
19
85
56
36
34
62
20
14
83
87
51
87
22
81
81
