# 16019345	Ade Irawan
82
33
16
75
79
49
88
62
10
12
85
52
51
30
74
26
73
84
82
45
47
91
49
51
95
68
98
22
78
87
27
95
34
77
43
62
50
82
44
73
19
16
82
20
69
62
63
44
48
84
22
72
43
96
68
58
74
36
70
81
90
94
69
18
88
39
86
82
35
81
16
99
44
67
91
91
20
84
80
33
51
93
29
25
57
90
64
75
28
69
55
39
89
70
54
70
94
27
59
57
53
34
91
36
42
82
84
98
37
38
67
16
12
87
22
29
19
14
19
67
72
91
26
59
68
78
45
14
78
86
71
33
33
32
33
83
23
51
65
89
84
64
40
72
34
56
28
53
57
18
18
84
55
87
54
91
21
62
99
14
10
18
24
92
98
89
51
96
84
36
72
63
24
39
77
92
56
92
57
42
66
18
20
57
62
28
97
45
90
43
80
91
33
59
15
68
84
80
35
60
70
56
80
94
57
18
58
76
28
30
63
24
53
49
15
14
86
24
11
58
14
76
20
26
48
49
98
65
55
14
69
86
46
29
96
32
44
25
86
78
84
13
28
64
58
38
22
35
28
60
94
93
28
69
61
27
23
19
26
24
39
42
86
68
47
84
10
78
61
45
83
56
29
37
67
77
42
42
77
94
28
19
64
65
26
92
13
96
98
35
80
31
70
80
45
84
35
31
45
62
92
70
38
30
19
20
93
34
86
27
58
29
93
15
71
98
93
69
29
88
43
75
55
16
74
54
36
59
76
70
28
60
60
22
84
14
69
67
24
40
83
83
73
68
61
51
95
37
52
70
68
92
69
76
46
85
12
91
40
69
19
30
62
59
97
32
17
75
52
73
13
34
36
72
23
76
74
17
96
89
76
91
92
63
14
21
40
12
27
10
22
20
99
84
41
29
37
41
47
36
82
41
12
27
91
56
15
72
37
50
27
94
99
53
89
28
27
63
97
27
57
97
56
35
51
20
58
34
71
22
98
99
86
44
31
24
97
38
23
79
54
64
47
98
41
86
15
45
92
13
18
24
51
75
79
92
55
79
40
77
27
80
71
41
90
87
20
42
39
61
50
80
79
96
51
16
40
41
16
91
38
35
42
96
80
44
36
17
46
27
28
29
45
31
17
24
99
26
36
18
32
88
50
35
41
87
59
80
82
25
84
80
74
68
43
14
37
43
86
43
23
55
59
59
99
10
33
92
57
52
42
37
84
26
26
20
36
75
78
69
92
73
70
98
32
91
50
66
53
22
38
55
88
66
49
41
13
72
84
28
89
87
45
57
13
42
17
36
36
50
42
92
48
33
48
33
82
49
70
44
72
26
93
29
75
75
98
64
30
41
71
84
11
68
34
73
91
59
44
45
49
59
54
96
96
53
63
77
77
25
27
28
58
54
59
73
77
90
30
58
91
38
59
69
12
44
56
36
52
37
67
52
87
73
19
90
30
65
87
61
81
11
93
21
66
38
20
32
41
99
14
22
99
61
35
12
47
49
11
91
48
59
14
51
39
30
46
42
72
41
61
53
26
79
94
51
12
23
33
27
83
20
72
19
61
32
43
42
54
14
19
46
77
59
13
59
68
54
91
15
72
46
56
31
30
14
56
58
93
97
61
62
49
46
68
84
86
93
10
67
27
32
18
97
90
23
20
36
81
66
99
85
43
59
84
21
38
59
63
38
14
56
53
59
47
48
27
64
86
50
82
32
50
19
84
60
69
79
14
58
50
94
54
11
66
59
90
87
67
41
89
70
18
11
91
31
42
16
36
45
47
41
60
14
64
74
70
82
26
23
13
45
84
92
74
86
19
58
48
30
55
24
37
27
42
27
95
20
53
58
46
51
27
32
57
79
14
93
92
75
45
72
94
75
83
97
45
45
86
82
91
31
53
34
40
88
60
73
52
63
40
11
25
52
66
78
44
82
88
51
94
78
48
94
27
88
74
69
45
31
95
47
83
24
78
52
21
31
44
96
79
76
36
80
95
92
83
89
54
16
47
87
86
28
48
41
10
90
26
78
96
82
33
24
81
47
30
77
54
98
49
76
80
22
33
56
33
75
80
21
86
31
59
37
91
75
92
68
11
22
26
56
25
64
68
16
53
84
83
38
94
33
48
55
65
14
17
31
56
71
95
86
99
88
25
47
75
35
41
21
86
95
75
19
75
65
24
30
94
86
53
47
18
28
19
60
34
73
78
39
97
66
36
36
85
82
84
69
79
50
12
70
78
58
27
36
66
36
68
39
14
93
36
41
45
29
59
79
29
23
