# 16019250	Anggia Suci Lestari
56
39
42
26
53
96
44
81
42
82
19
17
16
48
22
85
22
17
79
51
13
75
98
27
18
56
66
63
70
76
97
32
81
59
33
60
43
86
89
78
46
79
58
57
77
17
50
82
49
30
18
18
43
55
92
19
79
15
87
51
80
19
92
50
12
31
39
85
65
54
82
95
98
42
10
13
99
40
24
74
84
21
41
53
82
66
69
25
84
83
52
58
75
59
21
86
84
81
79
26
94
57
36
88
94
53
25
67
88
49
85
18
77
35
61
72
29
35
85
40
49
37
55
88
63
27
83
16
37
14
62
71
31
95
44
11
77
28
43
28
34
16
68
80
67
23
50
45
71
61
86
78
50
36
73
67
31
86
74
18
31
18
59
67
50
17
32
13
28
97
28
81
99
26
45
91
42
10
85
82
73
48
87
44
94
27
99
36
82
81
32
48
56
68
68
68
58
82
49
23
54
58
45
25
36
46
62
23
17
60
74
95
77
95
83
93
34
52
12
98
66
68
29
48
24
20
51
71
58
82
11
40
64
56
12
36
79
90
79
33
35
48
72
11
75
66
19
46
15
11
26
28
69
52
89
91
40
81
77
43
35
39
77
31
27
50
51
23
18
60
36
97
39
57
46
92
95
89
47
72
27
33
78
99
66
76
37
41
14
65
75
78
10
77
94
14
20
19
64
99
53
34
47
23
96
69
84
43
20
22
89
50
20
40
36
93
66
69
76
98
72
97
34
84
41
97
52
32
23
72
45
30
80
87
57
78
24
99
15
46
70
96
54
75
27
39
34
43
93
86
61
60
49
11
91
90
11
46
61
12
17
25
43
99
45
10
49
59
25
56
61
10
23
11
86
21
95
39
25
12
23
41
58
28
64
52
85
95
49
38
98
18
62
79
44
88
18
93
87
41
29
55
37
67
34
19
63
33
87
12
48
88
99
58
41
55
17
58
33
31
19
66
12
49
33
73
81
92
23
84
29
97
75
84
46
46
90
55
45
19
30
67
39
42
20
40
36
41
75
48
97
18
76
45
84
45
85
34
58
69
87
93
95
78
61
24
74
82
81
40
59
88
15
72
74
57
26
45
83
67
95
13
55
74
71
83
69
31
32
17
81
13
86
56
42
92
39
65
52
46
23
70
79
62
44
66
24
70
83
68
27
36
46
72
35
62
43
12
63
86
54
19
88
79
42
30
47
87
15
71
32
35
76
30
58
27
79
76
77
24
20
21
44
23
94
91
94
61
18
50
92
68
97
18
22
12
12
73
90
71
23
90
48
62
83
73
44
67
93
21
70
72
48
56
50
42
75
28
41
69
80
78
81
48
81
77
41
50
37
24
27
17
17
72
74
22
73
85
60
53
10
36
99
97
42
65
32
58
38
11
55
82
66
66
20
57
41
35
75
52
41
50
35
23
37
17
14
20
82
72
50
26
98
28
64
36
20
69
16
49
46
97
51
84
60
59
63
34
10
60
97
64
41
85
54
53
28
62
83
98
88
23
96
34
73
45
53
79
87
19
82
58
92
39
34
39
25
65
54
67
89
26
45
20
65
39
37
48
13
69
59
13
22
63
87
75
23
56
40
64
34
39
49
48
82
76
78
14
10
71
36
61
89
16
18
65
26
76
30
53
50
11
30
38
91
92
31
96
86
90
65
74
58
94
24
74
86
87
72
94
35
55
72
48
14
42
34
41
47
58
23
10
63
96
66
29
47
45
52
15
12
85
49
63
90
85
72
88
36
74
32
34
76
67
80
56
53
72
56
12
11
69
80
97
81
28
69
61
99
75
86
32
28
90
90
42
62
78
81
48
35
42
46
14
13
57
96
82
44
88
70
50
97
35
43
19
50
37
71
26
87
29
41
13
28
36
32
92
96
67
85
32
91
66
40
48
70
35
99
53
47
65
47
78
96
77
93
12
30
25
59
43
10
85
55
21
97
18
77
67
88
72
23
10
38
14
20
98
85
77
89
88
57
61
79
89
21
98
89
17
45
82
26
65
49
82
37
10
18
68
50
71
31
71
73
64
25
50
16
43
74
69
98
43
89
87
99
94
37
56
92
40
38
85
43
70
41
11
86
59
19
73
94
80
97
62
80
49
87
66
44
88
59
64
28
50
95
81
47
60
69
66
60
13
41
49
95
27
48
71
37
42
28
69
23
13
59
35
22
39
47
50
92
30
99
42
89
86
81
50
46
85
81
94
31
72
69
97
57
59
11
67
63
16
77
39
33
32
79
67
52
26
20
93
73
28
11
76
16
78
