# 16019275	Dimas Fasdhia Daniswara
99
60
89
91
74
27
84
19
35
78
83
64
82
39
49
53
73
33
81
81
70
30
70
82
32
73
44
18
51
96
12
59
60
33
88
39
52
49
75
56
67
29
28
45
39
48
97
23
75
14
45
93
14
11
29
56
78
12
84
92
30
81
72
12
42
26
12
47
71
81
49
40
35
42
32
74
64
83
20
84
69
89
32
47
71
88
13
81
74
88
68
26
83
89
69
85
41
26
43
92
31
16
80
46
41
62
62
50
24
17
32
38
97
39
13
67
62
37
60
63
67
21
64
96
31
46
32
43
64
66
51
93
89
84
61
74
34
88
38
14
57
90
31
96
60
58
42
80
79
57
79
18
26
67
12
81
69
92
31
84
39
31
23
95
93
59
11
26
12
52
84
23
95
83
29
78
85
42
45
11
32
78
75
21
13
57
53
96
98
31
85
54
17
91
14
75
80
51
48
29
21
96
48
79
33
93
36
49
95
73
49
35
54
19
71
63
59
71
96
94
84
54
62
21
93
28
94
99
59
15
24
34
38
23
93
13
58
66
48
85
73
89
48
87
69
80
91
92
73
38
15
31
75
93
38
66
60
32
48
95
58
10
30
24
13
50
77
74
35
40
79
89
61
62
86
24
78
29
66
24
25
65
69
69
95
75
84
83
32
68
66
95
75
89
20
77
82
19
86
50
51
79
61
94
65
22
92
71
59
83
53
13
78
92
79
23
44
74
34
12
34
43
94
81
24
42
36
21
28
86
71
37
72
34
20
68
97
68
60
53
11
36
31
63
15
98
95
10
57
69
75
75
22
35
51
26
23
58
94
30
49
17
66
14
40
55
27
13
83
50
81
83
81
52
48
49
68
35
97
63
86
91
97
28
57
48
84
21
33
86
96
20
97
43
70
35
26
79
68
38
70
77
36
31
63
42
26
12
11
56
74
77
70
14
58
76
64
68
50
15
56
44
31
42
99
21
46
11
42
69
59
90
41
15
94
96
34
76
81
74
93
82
11
54
57
31
36
50
85
47
17
79
61
61
98
78
63
16
66
18
17
87
17
51
59
46
78
91
91
61
42
78
96
18
21
74
88
40
58
80
74
28
38
98
88
30
79
18
82
52
54
96
21
34
46
71
85
99
15
89
94
84
41
48
71
24
68
10
23
50
49
57
51
90
81
17
39
79
15
73
59
30
85
19
39
65
71
25
29
49
43
43
64
31
63
63
90
65
39
56
42
15
50
17
52
94
91
59
35
75
38
52
71
45
38
33
98
42
78
75
97
13
88
85
73
95
63
40
20
69
97
99
81
49
80
86
90
98
20
22
79
55
45
27
51
50
39
40
53
12
41
27
14
41
48
36
84
14
52
34
94
31
21
59
94
16
99
87
41
77
25
57
83
16
22
82
27
98
91
34
68
54
62
21
77
30
12
94
45
79
45
13
89
50
96
42
25
71
33
36
28
21
62
20
66
51
27
77
55
92
51
95
89
17
42
26
93
35
97
18
15
17
91
59
36
34
48
30
22
53
41
90
15
65
24
84
68
39
12
50
34
35
59
86
86
28
16
97
93
41
33
59
80
45
10
92
99
70
38
93
38
40
75
44
61
77
25
15
43
83
28
48
91
31
48
28
14
36
10
10
33
67
48
68
15
16
75
52
11
72
27
26
67
64
75
74
72
45
59
79
66
19
19
29
45
92
52
13
18
96
81
50
54
80
96
82
45
40
47
90
87
94
73
58
20
60
48
50
74
49
38
55
45
35
42
23
24
87
50
68
55
62
74
15
50
18
99
73
51
97
59
24
32
98
72
22
65
10
10
58
10
61
48
77
91
58
29
11
81
34
26
35
26
60
84
50
74
80
31
88
93
97
20
88
79
47
98
51
52
50
30
70
76
58
85
19
67
37
93
28
83
78
30
33
52
66
83
94
98
22
21
42
90
90
97
79
14
38
35
92
78
59
64
97
42
50
55
89
17
31
48
68
14
16
49
46
16
28
40
27
25
74
65
39
95
15
75
77
63
85
56
70
74
79
94
55
98
55
59
41
57
50
26
15
47
38
72
62
85
99
19
97
22
53
69
43
27
99
54
25
85
64
66
81
44
60
99
44
65
45
94
97
98
36
73
54
11
28
18
84
55
89
40
60
75
24
36
69
57
16
57
10
21
58
86
94
34
80
39
21
84
74
14
45
87
53
19
47
30
72
61
80
46
15
35
20
20
29
39
35
36
44
99
29
32
78
63
85
73
85
96
47
63
97
63
64
20
90
16
60
