# 16019395	Bryan Laurent Harmanto
13
39
75
68
84
72
54
18
61
13
48
24
39
47
51
46
89
70
84
63
30
10
57
31
67
18
20
62
70
99
12
58
37
74
85
56
59
82
49
88
93
39
47
73
60
79
59
17
67
55
57
47
65
65
47
23
23
24
76
94
59
56
34
80
28
43
61
40
95
38
66
53
71
28
27
68
57
80
26
76
16
87
74
76
34
84
17
64
75
30
56
41
60
57
26
67
39
97
88
42
53
67
42
82
74
24
40
77
61
93
20
64
59
97
84
62
38
41
89
89
36
72
74
32
25
24
40
37
49
68
14
53
44
24
38
60
57
65
82
90
36
18
47
54
34
73
50
82
71
15
96
25
11
92
95
83
86
48
35
35
42
45
86
15
55
77
88
61
26
92
55
31
75
17
41
85
73
93
84
61
79
19
73
74
94
95
17
13
28
42
14
53
63
79
18
15
51
89
43
79
35
95
47
47
72
18
79
32
11
81
29
92
46
27
46
48
78
78
55
29
17
69
30
11
30
62
78
82
94
54
62
95
20
51
85
54
61
63
12
89
48
52
31
73
71
80
74
73
60
54
76
41
99
36
39
62
75
17
49
10
13
85
76
51
77
47
56
76
29
63
82
39
25
97
41
12
75
26
12
74
61
72
48
37
64
12
18
34
57
44
75
56
81
53
94
48
54
35
57
95
47
73
64
21
65
72
49
59
22
47
22
72
91
46
44
95
49
26
47
36
11
22
50
21
16
84
18
58
61
93
27
42
48
33
95
36
74
10
39
98
11
90
22
38
64
55
36
76
49
25
14
82
90
38
72
46
57
39
26
15
22
82
97
98
91
73
25
13
17
49
33
84
60
43
80
79
61
72
79
16
85
42
65
16
77
22
72
80
53
55
82
63
54
50
82
21
71
77
81
24
96
96
84
52
21
15
86
64
66
23
99
58
11
85
96
57
34
35
59
29
30
68
40
20
85
61
26
94
73
99
82
83
32
67
73
48
74
93
82
34
79
83
15
36
10
37
87
55
82
35
42
59
60
88
38
27
16
30
11
58
51
12
27
51
29
68
36
85
23
63
41
83
56
77
20
76
83
82
25
21
19
19
90
80
79
45
19
12
24
77
10
45
10
95
11
85
19
98
77
14
39
68
40
24
51
75
90
39
76
57
11
71
50
67
32
77
68
93
63
14
81
45
12
34
94
75
84
79
12
16
58
75
92
23
60
81
20
64
21
30
96
11
31
22
78
95
30
67
73
13
92
33
97
30
91
14
84
54
90
27
64
70
12
75
37
59
45
68
68
33
58
53
68
89
59
44
78
93
73
78
10
65
15
73
95
70
88
31
88
32
22
58
97
51
68
48
91
97
79
63
21
17
79
80
42
91
42
66
45
65
55
20
61
67
95
80
17
40
74
42
16
14
77
75
21
46
87
44
90
90
48
90
24
23
65
43
47
88
52
82
45
19
33
17
63
73
85
37
68
75
81
91
71
92
15
35
72
40
12
63
79
23
58
38
43
45
28
43
86
57
87
65
33
37
24
86
64
41
61
97
33
74
32
56
42
98
71
94
92
13
81
83
41
92
51
23
66
66
15
55
44
96
82
46
25
55
49
82
40
10
93
20
42
59
36
63
27
31
12
87
15
58
53
55
15
14
98
54
64
86
27
90
91
98
44
85
55
71
97
30
22
48
14
73
91
19
71
48
44
50
41
91
90
19
31
76
46
35
54
30
11
73
19
68
25
32
10
89
36
36
68
70
24
57
72
33
60
44
44
32
60
17
29
86
53
16
10
33
54
82
46
52
37
98
10
65
66
48
44
64
80
47
37
79
35
52
19
88
96
33
48
81
35
99
50
88
99
60
83
53
68
21
58
61
70
70
62
62
90
79
77
63
26
58
54
40
59
35
19
72
14
52
62
12
14
61
86
16
81
80
38
91
74
55
21
97
57
77
89
70
80
46
45
82
21
49
34
36
12
54
32
35
91
54
94
14
42
96
95
78
98
37
15
33
46
20
53
25
49
43
51
86
95
75
83
58
21
57
60
97
68
70
57
41
39
78
82
88
49
31
35
93
27
71
50
65
41
29
29
85
77
11
17
35
80
28
94
23
96
57
34
31
47
68
95
66
72
99
39
63
19
77
24
24
72
70
13
38
75
32
19
79
63
86
92
35
89
49
66
84
48
56
58
21
60
17
46
74
52
31
64
17
82
45
81
81
89
68
65
90
35
45
30
25
90
78
12
89
96
29
98
61
84
92
76
20
78
31
26
17
