# 16019390	Jeremy Ethan Novriawan
11
40
38
20
88
62
47
83
82
42
36
43
12
28
12
78
91
62
46
82
16
74
28
36
54
62
86
21
31
60
30
17
90
29
40
79
58
58
58
72
26
52
64
40
83
11
60
19
78
25
18
19
93
80
36
96
10
14
19
64
58
67
12
42
48
87
86
77
89
52
43
71
84
29
53
19
97
49
61
56
39
94
76
83
54
84
50
15
70
17
53
81
16
83
75
14
16
68
50
85
46
58
45
84
46
85
77
31
77
43
49
84
98
17
48
36
34
38
48
33
55
60
37
50
34
60
85
93
46
78
44
47
85
67
36
10
78
75
82
67
14
40
40
60
77
36
37
67
88
77
22
77
67
30
24
60
22
30
80
25
79
76
89
48
83
84
69
58
18
17
43
35
91
31
70
77
71
14
28
46
52
34
54
78
49
54
35
42
14
94
65
95
51
44
35
32
16
32
80
60
72
65
19
53
88
70
43
73
81
19
16
80
78
14
59
85
85
70
22
60
64
83
56
80
53
75
76
47
46
37
35
10
79
35
63
61
38
25
95
75
21
42
79
99
96
86
14
34
13
54
92
75
78
60
10
35
27
80
94
92
59
49
77
70
86
80
49
81
42
99
66
78
64
46
34
17
22
26
39
37
25
82
64
64
17
87
80
15
30
47
76
52
53
52
27
40
23
37
17
76
49
78
44
58
76
61
59
42
65
93
93
75
56
15
95
29
33
12
88
41
49
83
43
49
22
18
39
14
27
39
53
52
84
68
83
25
98
91
82
67
58
89
61
61
41
66
69
82
12
81
51
39
79
19
60
90
66
28
77
68
63
23
91
28
49
43
68
83
46
57
39
88
46
32
68
99
90
14
21
24
79
14
88
25
51
66
53
83
62
76
96
28
70
27
13
35
49
40
43
53
81
69
50
50
99
34
27
19
51
68
63
52
33
69
59
13
20
20
70
25
52
55
82
35
60
35
42
71
90
26
44
46
21
50
72
22
43
31
77
43
24
66
17
76
12
35
57
44
70
79
97
44
31
37
46
96
24
99
19
63
68
73
27
25
20
23
86
34
73
95
35
43
29
10
47
72
87
98
57
42
95
98
68
62
29
98
75
71
39
53
24
12
20
68
73
20
22
94
71
67
88
18
10
53
59
46
70
98
28
97
74
55
81
55
49
82
65
41
61
34
21
70
47
64
79
13
41
62
17
96
89
96
38
88
23
40
65
93
13
29
45
39
19
32
63
70
40
46
58
46
91
16
91
13
33
97
18
69
41
71
45
48
36
34
84
43
46
84
67
18
56
64
31
28
58
44
59
52
79
63
52
13
35
81
27
78
57
10
83
30
87
64
46
64
32
57
61
74
49
12
46
26
99
69
94
25
99
23
98
15
19
63
42
16
43
37
97
33
50
76
41
13
42
94
30
12
68
34
35
20
21
73
88
11
50
28
23
17
56
40
99
48
15
20
69
71
12
63
31
41
89
96
73
63
50
91
72
47
82
73
94
99
31
20
11
59
16
39
52
80
85
77
37
99
97
47
48
18
93
89
63
15
78
50
46
65
42
61
18
23
49
31
98
21
34
90
42
83
53
16
96
53
33
76
97
22
84
92
46
77
56
86
16
45
58
70
81
35
59
80
60
12
72
79
71
97
27
52
53
77
33
73
94
71
58
21
84
90
24
43
99
23
25
81
79
57
74
23
12
80
60
72
18
89
66
25
20
24
61
34
46
95
63
85
76
70
69
40
56
41
58
18
28
34
25
19
27
60
16
17
40
22
64
70
76
57
25
63
88
40
46
18
46
86
88
25
26
42
71
55
20
47
38
53
65
23
55
72
50
25
21
90
52
97
40
20
50
35
81
78
89
77
91
96
68
13
92
60
17
29
29
50
31
68
72
56
32
54
44
99
55
68
59
73
59
43
44
67
57
80
37
94
11
25
56
95
81
15
93
35
16
60
92
36
62
90
67
80
95
11
19
41
62
46
27
20
21
87
82
30
44
73
10
30
90
44
26
20
61
56
17
57
20
44
46
92
63
38
24
36
93
44
29
68
93
15
93
74
28
35
88
50
21
77
26
16
77
33
62
75
81
39
80
26
13
95
48
85
49
13
66
24
23
88
95
90
10
60
94
50
73
78
13
92
40
59
57
94
40
95
84
44
77
79
19
28
36
18
94
27
22
21
60
77
23
65
24
25
93
59
15
78
78
46
45
14
58
66
31
12
87
37
54
32
81
57
35
54
48
28
30
60
94
60
77
36
95
78
42
76
