# 16019170	Almira Revistya Ramadhianty
79
96
86
41
75
84
57
92
45
36
91
33
65
99
40
82
18
72
48
50
94
76
86
60
39
64
36
46
11
65
71
14
29
22
33
96
88
40
63
28
88
10
43
58
88
18
92
93
72
88
92
84
38
45
85
85
82
82
78
49
67
54
37
95
14
28
38
85
94
84
44
84
63
13
29
38
11
64
78
74
88
69
68
84
21
61
90
44
82
37
66
34
87
28
88
88
24
62
87
39
91
46
54
58
69
97
27
33
89
73
59
83
11
97
70
51
10
78
29
54
77
61
54
42
74
72
53
12
58
92
74
12
35
11
76
54
12
77
51
54
72
31
47
43
85
40
97
99
48
91
45
96
42
47
84
53
13
51
15
91
63
13
27
85
73
98
48
85
21
67
40
18
14
23
62
64
54
97
79
93
49
35
26
53
84
37
82
15
70
76
83
62
21
43
44
58
41
60
18
53
64
32
68
99
62
95
11
86
38
98
42
85
24
67
40
36
67
86
62
84
76
44
75
96
27
53
93
12
32
54
22
13
45
51
90
76
25
69
54
67
30
96
77
74
38
12
80
48
89
67
87
48
84
88
62
22
89
98
68
80
66
31
25
88
60
13
23
51
85
51
16
78
55
48
62
34
87
77
47
27
97
78
96
77
95
87
64
48
77
91
62
21
98
51
75
86
97
52
48
31
60
47
28
32
89
97
57
50
87
52
74
68
87
64
26
57
30
42
16
29
51
83
35
27
46
63
62
40
16
32
29
29
81
82
55
86
19
70
62
59
98
87
97
73
35
97
45
44
17
14
43
66
35
90
10
66
29
24
60
11
35
12
62
32
81
39
99
86
34
31
33
67
13
26
69
31
76
22
96
92
79
59
95
47
70
98
15
88
10
33
52
81
20
86
20
76
28
23
17
34
52
85
66
52
24
50
49
57
35
47
28
17
72
15
31
56
51
30
24
27
40
56
71
82
72
93
44
71
19
51
35
66
55
27
18
39
73
33
88
85
31
96
95
95
14
78
68
78
18
61
81
84
37
44
54
60
65
30
21
38
72
73
79
77
47
25
89
99
46
19
90
58
79
76
80
17
71
60
30
68
13
65
86
40
47
52
96
50
51
18
14
50
59
29
77
58
21
61
19
16
16
99
36
86
51
30
18
87
35
49
15
43
79
69
18
52
83
50
90
32
39
54
52
74
45
36
37
56
72
72
84
14
24
98
45
52
41
80
20
57
57
36
14
81
56
72
42
95
93
61
45
26
50
27
35
46
59
87
45
11
56
64
69
86
16
84
31
51
58
56
88
62
75
71
18
71
99
74
72
57
19
55
57
86
80
38
47
29
18
42
81
17
61
54
99
11
16
37
79
68
60
53
82
17
96
81
30
32
21
29
83
62
83
53
56
28
47
43
15
40
80
27
44
51
98
25
64
70
96
33
37
15
97
78
60
16
43
47
97
20
47
97
12
30
67
19
41
54
71
44
81
77
39
14
59
52
41
64
60
23
56
65
24
61
86
43
77
86
97
97
19
35
94
17
55
29
74
53
61
70
27
98
31
86
16
91
22
52
41
48
39
47
52
37
29
45
81
45
68
94
10
30
85
25
95
24
49
69
95
22
64
96
90
95
67
30
76
10
95
32
85
74
63
85
35
33
90
49
73
78
99
23
94
16
51
73
40
41
60
79
99
63
18
44
97
45
58
67
36
77
42
19
43
39
62
21
35
10
86
13
62
33
46
32
26
30
62
79
40
76
36
70
79
37
36
64
49
96
88
36
34
16
12
20
38
87
80
49
38
23
36
76
68
72
84
66
83
32
47
16
38
92
84
30
62
79
40
74
18
43
35
24
54
16
69
73
64
86
56
21
11
99
34
88
54
21
54
87
14
64
55
59
51
91
93
14
78
66
46
92
23
16
33
48
72
29
87
29
64
23
97
43
22
99
51
83
81
78
97
74
80
29
16
76
19
96
42
12
94
25
10
71
36
82
71
16
89
49
82
53
71
17
63
12
35
52
32
97
85
74
21
17
34
34
68
97
32
97
78
71
14
16
66
77
36
18
11
52
16
12
83
11
25
68
97
68
59
66
42
93
63
20
36
44
53
37
57
76
90
46
56
71
36
84
31
74
13
70
41
85
20
14
89
98
22
78
73
43
39
84
34
94
30
48
42
52
58
48
26
52
80
92
92
86
43
81
33
72
29
95
40
74
48
21
37
59
39
55
90
23
54
59
12
99
72
52
50
21
62
77
70
57
26
91
86
75
28
13
39
77
