# 16019385	Axel Budyawan
97
97
78
96
27
23
46
54
86
63
11
76
42
50
15
69
37
89
49
49
22
23
89
28
32
45
25
73
74
99
35
76
21
13
78
86
93
42
64
21
76
95
10
89
32
52
60
56
50
52
29
44
13
48
36
61
90
86
17
77
23
44
35
57
28
84
94
55
28
91
19
17
42
52
60
88
48
35
54
31
85
36
23
96
57
45
62
31
28
96
40
57
85
25
80
44
29
87
50
94
99
94
10
63
20
38
24
95
96
94
49
46
78
50
69
46
59
93
87
60
69
46
19
49
75
53
14
24
35
89
30
95
25
92
71
46
71
96
69
41
73
56
77
85
80
20
44
76
98
97
86
88
55
78
91
94
64
25
78
29
24
78
45
80
79
10
42
54
42
90
27
22
38
57
15
11
49
81
97
17
82
94
19
16
91
72
30
36
85
77
16
58
33
80
40
46
70
44
57
59
45
73
16
14
40
95
93
29
43
44
54
99
60
97
94
44
20
45
92
82
27
27
77
25
93
38
80
26
19
47
87
10
37
48
60
67
73
68
24
53
10
23
47
55
58
50
17
69
77
39
11
29
16
27
33
49
35
72
92
90
43
33
58
22
95
65
32
51
44
74
58
23
41
55
10
26
76
97
94
18
82
73
89
18
44
55
25
82
17
31
23
93
58
96
69
21
37
80
28
46
87
58
96
76
45
42
14
14
64
58
36
52
71
71
52
41
58
85
80
35
78
91
67
55
87
48
19
84
63
47
55
11
51
74
26
90
26
11
42
88
38
31
38
99
84
35
41
32
95
24
41
82
98
92
82
19
30
34
71
13
97
98
66
91
59
40
90
55
72
55
24
57
28
23
42
97
44
50
15
65
62
35
67
11
56
21
68
80
93
46
13
11
49
62
12
57
63
88
48
74
31
51
96
23
38
53
73
28
60
25
29
88
81
25
64
73
64
39
22
56
32
98
52
18
96
46
80
74
43
12
73
84
64
87
79
50
87
79
89
86
93
52
29
29
83
45
23
84
34
67
88
39
67
27
70
54
71
87
88
81
40
33
13
97
99
34
68
41
29
75
73
33
66
62
97
73
42
62
11
74
67
71
82
18
38
14
42
65
43
38
12
99
58
82
15
61
58
17
40
42
66
27
55
11
72
29
74
80
59
54
28
45
48
50
61
86
61
47
68
95
16
45
69
32
97
97
32
71
90
52
34
45
66
95
89
43
57
74
27
22
41
60
21
76
66
32
85
90
85
60
65
56
11
56
68
34
85
98
77
21
64
35
77
14
49
86
10
23
12
21
84
85
29
36
46
29
99
84
19
85
54
95
53
54
11
19
36
73
50
51
28
51
54
66
47
77
91
59
44
10
18
87
51
82
19
79
82
24
44
12
71
10
33
63
35
82
73
58
67
36
52
96
77
58
70
95
28
83
20
33
48
11
77
87
74
94
99
61
90
19
83
76
52
51
36
30
54
98
39
68
65
12
50
28
97
11
48
68
25
68
12
18
98
96
31
56
54
22
16
70
89
73
15
37
43
34
35
70
95
14
90
38
78
70
58
97
87
84
42
15
55
71
85
94
73
91
87
99
50
88
69
67
44
70
82
67
69
33
20
77
68
88
47
56
49
70
51
31
48
48
91
24
25
96
55
64
38
93
78
62
18
88
48
59
72
59
19
42
75
28
24
26
91
86
15
12
52
94
34
71
35
74
81
32
11
90
15
99
69
80
51
74
40
86
57
24
28
42
16
37
36
17
81
29
65
67
11
29
92
83
95
44
35
64
71
52
73
94
70
45
36
62
81
95
75
25
68
51
25
54
35
34
49
43
51
13
75
34
19
63
83
84
70
31
81
24
98
98
44
34
46
92
78
23
64
69
67
53
74
64
33
31
24
75
46
74
27
57
75
86
15
47
45
47
83
93
88
65
94
15
71
24
58
25
97
15
84
25
96
57
91
16
68
62
24
20
59
87
96
64
29
28
38
37
93
98
64
54
16
93
34
98
35
28
61
91
88
81
40
74
83
20
93
44
15
47
60
39
47
56
23
40
17
81
72
72
47
77
24
30
82
51
40
12
94
73
74
88
20
29
59
64
28
32
11
70
31
63
48
66
33
31
20
13
77
55
88
44
26
39
24
24
25
40
34
70
86
48
99
61
51
61
98
95
71
83
36
96
57
42
55
53
23
43
29
66
16
61
55
93
17
29
47
70
99
44
43
82
88
74
11
32
19
95
78
91
21
48
18
26
32
66
84
69
12
20
40
61
15
94
