# 16019305	Ristania Putri Wahyudi
13
51
52
75
66
20
57
48
26
67
36
50
52
52
48
79
30
15
21
98
42
47
96
88
79
38
28
20
67
74
42
78
47
79
77
54
91
95
23
21
26
79
67
39
71
91
29
62
66
48
88
89
26
19
45
10
59
29
27
28
83
25
88
10
71
16
56
71
37
56
91
96
28
70
48
27
38
63
81
66
74
85
37
54
75
44
17
71
41
25
37
10
93
60
17
69
76
65
17
88
87
56
81
23
13
85
53
93
49
16
81
70
39
77
27
37
36
99
68
57
14
25
81
94
25
73
15
29
25
60
69
70
91
57
25
26
98
28
97
13
50
30
72
71
92
61
40
85
37
60
32
46
75
75
17
88
28
45
45
45
62
35
94
20
49
57
88
78
11
41
56
15
57
36
71
40
32
35
36
62
93
75
69
29
98
28
84
42
89
96
41
57
79
88
11
87
46
27
57
88
37
60
34
96
62
97
91
85
41
80
97
61
40
84
16
55
81
95
57
37
61
17
16
42
37
79
59
32
38
15
69
15
85
12
42
59
27
36
96
55
98
32
72
76
94
45
62
26
26
74
38
90
28
81
76
39
37
34
30
54
75
51
67
20
46
87
92
31
21
40
94
12
18
87
16
34
35
80
27
20
94
56
27
25
29
79
72
99
69
87
26
55
76
46
14
66
72
71
41
62
89
25
62
55
29
61
97
24
27
55
22
33
59
66
99
40
42
52
75
35
13
56
68
69
83
41
75
41
67
62
61
29
59
13
93
13
41
51
25
99
79
78
54
57
68
39
25
55
18
73
37
82
13
72
21
19
62
22
93
84
65
59
13
47
83
23
56
69
46
56
74
42
88
86
60
66
43
20
71
34
82
19
80
21
24
96
28
29
73
32
89
92
76
57
42
13
40
41
89
23
98
74
52
62
98
78
46
31
29
94
14
18
30
95
14
19
11
39
20
72
95
90
24
18
54
57
66
13
34
30
66
54
14
92
35
16
22
28
94
15
75
62
55
88
23
88
70
98
57
66
94
73
38
15
50
60
34
27
93
63
30
18
61
61
23
50
47
45
56
53
80
11
48
49
87
44
73
85
38
76
60
67
66
38
73
98
65
79
21
88
12
76
88
58
27
74
11
83
35
79
69
27
94
87
81
66
36
12
44
80
54
88
70
73
25
10
99
33
91
43
18
36
19
61
58
33
51
78
38
67
11
95
93
10
72
15
19
20
65
50
31
28
40
54
43
70
25
46
21
19
33
16
23
44
68
45
88
84
12
47
34
82
11
63
32
22
66
79
22
43
23
54
12
17
78
79
30
78
40
24
86
38
75
97
79
65
42
67
89
33
61
25
53
17
75
43
96
93
15
67
92
43
27
38
83
22
52
88
69
13
44
14
39
41
14
34
76
61
57
62
52
39
30
59
44
53
90
16
57
26
18
64
26
35
82
93
41
68
44
64
25
22
40
51
88
71
31
76
53
78
34
56
13
52
28
95
81
86
16
95
40
16
26
28
26
72
46
29
21
50
30
59
69
62
17
99
57
22
38
66
31
95
83
90
19
78
26
18
78
82
14
59
20
59
80
88
49
70
80
68
81
93
16
15
60
12
95
75
44
64
55
17
70
39
46
28
55
57
62
49
54
18
32
96
72
98
26
23
26
43
23
95
38
77
70
59
65
66
91
82
91
76
57
64
95
51
69
89
44
16
13
43
32
77
25
10
22
98
15
52
36
54
96
68
76
46
27
38
53
41
14
32
33
63
21
47
39
40
37
22
51
73
90
22
27
66
92
14
17
96
95
66
94
38
64
21
57
52
36
53
20
29
31
71
38
31
81
20
61
16
36
28
87
11
57
68
20
28
90
13
34
29
45
15
10
50
45
34
15
35
96
49
92
64
57
35
66
25
59
92
55
46
96
26
97
70
75
84
34
69
26
27
43
30
82
14
71
43
60
72
88
95
21
75
62
25
47
51
49
21
24
12
99
61
65
87
30
39
62
49
30
54
37
34
36
28
65
40
63
45
44
43
21
84
15
91
53
51
97
52
37
59
14
72
28
95
40
32
98
42
54
37
55
14
60
79
54
27
24
92
99
16
84
79
45
70
86
95
72
97
88
48
84
54
86
22
90
69
85
15
60
60
98
67
40
24
53
62
64
13
27
41
62
58
68
20
18
83
70
38
73
39
58
19
64
67
60
12
88
58
50
77
72
86
90
85
39
66
11
54
61
96
82
31
32
60
72
21
61
98
37
89
17
57
93
56
52
71
40
23
