# 16019110	Della Amanda
80
83
30
94
75
83
34
64
44
82
98
60
74
60
49
77
42
15
11
46
71
63
48
75
82
35
24
14
66
73
16
43
33
55
87
38
51
67
18
55
20
49
43
11
12
11
38
77
44
25
40
15
65
82
65
28
42
15
37
78
25
80
20
52
33
28
36
26
71
37
84
56
29
47
66
34
58
32
93
73
88
90
77
66
19
37
38
21
24
11
18
58
59
12
84
36
92
77
10
65
92
22
37
53
15
53
47
80
23
42
91
21
20
86
25
47
13
59
36
14
64
31
63
78
57
39
86
31
89
60
10
37
23
55
91
11
47
81
94
92
77
39
20
63
72
64
31
19
66
39
99
18
88
38
80
74
44
78
53
16
63
63
48
25
16
71
69
10
53
67
48
69
70
55
44
58
53
19
65
17
96
16
29
52
29
40
96
69
70
72
60
93
64
46
57
25
25
11
57
56
47
90
89
49
69
97
85
61
71
58
50
32
38
23
73
43
70
53
15
78
22
85
29
90
83
94
24
68
14
40
34
48
95
57
99
43
10
22
36
65
82
13
73
80
80
29
71
63
97
51
20
88
66
45
42
18
28
59
27
75
54
92
43
72
73
44
34
55
37
82
22
38
84
59
54
44
83
67
60
79
31
86
14
99
53
93
57
87
38
26
86
60
90
70
83
15
85
95
87
18
29
13
26
67
84
82
51
26
53
91
83
14
59
82
54
99
48
71
71
14
67
19
50
70
80
20
61
96
64
83
58
17
19
45
15
65
38
10
73
98
92
29
74
32
10
80
33
89
16
19
25
30
96
46
36
67
14
34
23
54
35
24
11
16
22
97
12
31
82
26
36
69
95
15
34
45
72
15
61
27
10
36
18
45
31
23
83
60
68
19
66
19
77
63
50
36
39
94
42
39
62
96
42
75
29
50
49
88
12
38
54
89
66
15
69
92
92
81
69
21
95
67
83
79
98
44
20
15
58
94
31
55
71
37
57
82
87
24
47
93
22
54
80
29
69
24
89
82
93
86
33
18
33
41
55
63
80
63
50
60
46
53
99
32
23
74
29
72
81
23
53
38
49
55
92
46
95
99
37
51
36
80
37
90
93
73
79
90
18
16
98
24
22
81
50
25
16
71
61
73
72
86
72
34
43
15
77
77
46
92
19
28
78
59
82
13
97
63
63
94
13
72
84
76
99
85
86
64
69
77
75
50
22
92
73
59
16
68
26
42
71
79
27
75
98
15
59
30
69
98
94
46
64
17
87
83
22
92
51
68
52
90
55
10
68
35
54
52
95
44
36
33
32
52
75
25
38
50
31
94
40
89
23
17
20
43
33
24
11
50
28
86
14
67
54
74
44
26
24
53
35
13
91
11
15
22
38
11
78
28
83
83
78
99
35
96
69
56
11
45
55
65
13
48
97
48
74
13
20
81
63
94
19
78
73
91
26
65
80
87
97
86
39
29
72
79
31
82
20
37
14
36
87
87
20
24
79
45
48
41
87
38
64
27
33
71
68
20
57
13
27
52
31
68
25
86
23
16
84
96
15
70
44
95
68
69
66
90
63
62
43
61
15
44
39
44
45
80
49
28
44
93
18
36
50
81
68
87
92
18
58
85
17
85
62
57
62
61
98
98
32
89
43
70
72
70
78
77
10
26
67
12
82
62
98
56
48
64
56
49
49
16
86
80
51
34
14
39
82
83
32
22
73
88
39
91
54
17
46
73
98
21
49
12
67
48
30
54
83
71
10
13
42
80
39
34
68
58
82
47
53
12
86
75
57
11
54
49
42
41
35
65
44
64
72
48
74
96
75
18
62
46
68
51
79
16
18
10
48
91
38
16
65
61
64
26
30
24
63
17
34
59
41
91
65
76
28
30
79
82
52
34
11
37
26
18
32
62
25
24
82
18
59
53
47
43
23
52
73
78
38
33
31
12
18
34
87
60
45
29
67
44
75
83
13
90
79
28
32
66
85
47
24
92
58
25
88
99
89
65
35
28
55
42
60
38
67
88
59
15
84
65
66
40
28
90
11
50
40
48
80
71
73
48
96
29
47
16
83
59
65
46
94
18
43
84
88
58
65
71
51
84
70
25
40
97
10
11
77
51
34
43
17
38
54
46
75
84
89
67
85
97
12
48
53
13
42
29
70
11
41
82
96
56
72
18
47
40
57
48
46
59
71
41
31
88
24
56
53
84
38
84
84
98
44
44
93
69
54
30
50
55
26
65
51
26
61
72
94
48
53
89
54
55
17
89
24
97
17
98
