# 16019020	Diajeng Kesuma Dinda
61
10
31
85
22
68
46
18
92
79
97
92
39
59
67
50
44
69
36
52
56
48
16
58
19
50
24
20
68
28
74
82
19
72
93
68
98
51
24
13
41
79
12
82
68
83
70
41
19
29
53
54
81
86
88
70
40
25
76
99
49
55
48
93
62
20
76
25
68
47
71
60
20
19
51
39
79
66
35
67
36
52
49
75
19
74
58
89
72
88
66
11
79
70
37
93
36
82
75
15
83
39
83
16
94
38
93
92
56
95
43
77
66
84
90
38
89
65
18
45
27
33
48
81
26
79
46
67
11
74
63
63
83
76
74
94
47
22
85
88
89
51
33
64
99
97
30
58
38
82
71
10
44
39
75
56
52
58
54
42
28
77
44
39
74
95
41
24
25
51
20
32
68
11
14
16
81
98
99
45
74
72
64
50
38
24
17
40
52
48
20
90
38
86
67
66
91
49
10
11
93
36
68
62
32
33
65
86
27
39
97
44
17
80
68
34
79
27
46
39
95
56
94
90
33
48
90
24
69
70
47
24
39
36
75
29
27
80
30
45
13
45
99
30
57
27
76
53
59
69
77
69
22
49
82
74
92
71
53
66
90
59
48
48
16
91
42
88
85
83
64
38
52
90
32
92
95
19
90
99
80
98
31
78
57
28
53
36
16
24
92
64
39
19
13
50
46
95
97
49
78
69
28
66
64
65
82
72
55
44
36
12
90
60
38
96
99
65
49
39
41
11
19
27
75
65
87
73
73
64
28
30
59
70
60
28
19
96
17
26
24
39
58
41
99
42
61
69
24
38
93
71
84
42
20
22
40
30
79
95
67
93
81
68
74
30
19
68
30
47
50
37
98
17
59
16
50
35
78
18
76
59
78
92
42
49
87
43
81
88
82
79
20
44
16
45
99
86
22
73
78
50
99
20
14
41
78
72
79
98
16
55
60
62
48
36
36
94
48
68
64
42
99
43
36
64
24
25
87
51
46
62
98
61
21
22
75
44
36
70
73
89
68
45
90
58
19
84
64
25
56
95
28
75
29
36
15
74
37
10
91
54
13
84
47
31
34
45
30
93
79
38
67
54
88
37
20
24
47
75
69
49
90
64
31
47
93
33
22
20
27
59
63
67
17
82
72
35
62
31
69
83
89
76
92
77
25
66
48
32
17
65
75
28
16
38
69
49
92
38
43
67
52
66
73
41
77
78
75
63
87
58
10
17
39
48
14
91
40
42
81
44
90
28
58
46
63
25
95
67
97
76
22
42
30
97
49
69
42
29
57
63
51
26
56
85
74
77
61
53
22
99
29
65
79
42
23
98
31
70
61
99
49
16
63
44
95
29
11
61
35
91
68
21
42
46
22
47
25
82
60
98
26
63
85
52
81
24
71
93
74
88
81
56
52
21
87
16
53
36
41
37
64
86
25
14
75
49
33
22
58
61
69
46
10
36
58
90
29
28
42
82
94
49
68
43
74
32
51
41
94
25
55
24
47
19
78
70
13
62
87
90
38
50
80
58
96
20
24
66
36
46
13
83
62
70
80
79
12
14
12
43
43
99
57
21
75
71
40
78
55
42
91
65
12
11
59
56
85
32
20
93
87
91
10
35
91
51
28
36
17
11
64
83
40
72
69
80
67
69
66
40
23
57
90
77
42
68
39
94
54
77
62
36
27
61
34
85
51
77
26
47
68
92
36
10
89
71
20
71
31
88
61
41
87
42
95
14
37
99
81
70
86
58
65
93
27
44
67
26
95
38
98
25
69
30
30
74
15
44
99
56
52
88
99
89
16
27
88
21
79
57
48
59
57
37
55
93
51
90
55
92
86
20
17
43
17
99
98
38
89
87
54
71
11
67
78
73
57
21
35
72
38
26
51
80
52
35
53
10
61
46
49
86
62
34
17
30
84
77
20
18
14
93
34
81
17
76
26
21
83
30
84
48
77
16
89
70
38
30
82
29
59
60
95
65
73
60
22
26
50
79
77
47
21
66
70
56
56
55
14
11
34
14
69
98
42
60
92
90
87
84
99
71
45
92
14
29
51
48
70
55
72
88
38
78
33
74
72
29
22
32
69
48
12
14
23
11
45
37
51
84
36
64
69
35
80
81
35
27
40
85
50
30
11
89
59
65
37
51
89
55
52
33
80
93
47
84
44
68
56
76
53
81
94
62
85
13
59
70
68
52
70
38
75
77
51
54
78
69
61
89
62
40
45
85
85
98
96
21
71
30
41
45
80
87
14
69
86
25
92
95
40
24
41
70
16
52
75
79
