# 16019410	Auliya Tristan
57
43
56
60
72
33
17
50
68
34
93
46
12
42
96
54
57
61
89
80
81
89
95
81
44
37
97
61
52
41
30
29
53
82
97
56
58
31
92
34
26
47
41
96
90
83
23
64
38
96
69
11
49
32
51
86
87
39
91
73
20
18
50
38
28
37
63
29
37
53
96
58
30
83
18
10
81
26
16
16
89
28
91
64
93
28
15
50
18
39
54
83
16
93
84
72
18
59
52
69
40
53
13
94
76
93
40
96
77
89
68
60
21
14
61
14
46
34
32
12
49
94
19
82
65
77
95
18
33
19
70
32
55
98
74
16
66
41
67
22
11
96
16
68
61
96
44
10
22
54
94
53
67
87
11
38
66
99
99
33
49
19
89
36
75
91
32
49
84
79
12
68
61
74
56
66
68
15
10
58
55
87
54
66
29
62
42
32
39
73
50
81
11
78
78
84
72
88
67
57
26
19
12
49
58
16
59
73
45
23
31
41
17
14
49
40
52
28
11
54
84
28
88
92
46
53
73
53
12
12
87
26
97
63
51
84
56
77
20
66
37
25
28
39
51
74
59
74
53
98
45
34
97
59
20
97
47
82
50
22
72
94
26
89
64
81
99
12
38
71
74
67
87
52
14
99
83
11
20
51
22
38
50
66
66
33
20
35
90
41
78
56
15
16
52
55
29
58
61
60
92
26
10
54
87
45
17
53
13
37
56
16
31
95
27
35
52
12
41
74
20
40
86
75
26
58
29
64
17
70
99
13
26
74
71
50
69
43
72
80
12
64
21
87
72
75
57
51
65
53
72
45
67
81
78
60
72
48
52
91
84
87
41
86
60
15
51
22
34
93
73
82
84
37
39
22
43
58
91
21
11
35
26
32
95
79
99
81
41
36
14
54
73
46
55
37
74
47
42
64
60
58
75
80
95
28
13
38
14
91
22
47
70
21
24
32
32
78
15
53
11
67
21
23
15
64
74
92
11
74
76
16
92
73
46
88
51
75
89
28
12
84
66
43
73
91
18
54
22
38
85
99
30
68
33
97
35
79
43
91
38
74
77
17
59
13
98
30
88
46
60
54
97
10
10
82
74
42
65
20
97
65
59
82
26
91
42
97
41
77
92
84
14
10
36
17
27
61
96
84
70
26
85
24
85
36
30
95
91
22
47
45
99
20
74
76
37
48
95
95
29
77
84
30
81
78
25
76
82
16
71
40
64
75
58
20
37
74
20
76
50
59
68
96
81
76
67
61
79
76
34
70
10
47
98
58
88
56
35
70
19
50
82
81
97
58
47
54
45
99
76
15
57
92
35
58
83
63
46
77
50
63
59
58
68
48
15
53
74
53
98
72
77
62
30
29
94
43
96
49
90
78
57
54
39
68
51
26
29
62
31
16
54
63
79
69
65
34
74
63
78
15
40
48
67
88
91
15
96
14
49
89
79
81
88
93
44
22
67
16
50
89
28
84
47
69
83
43
14
26
15
26
31
70
38
21
71
49
65
24
87
20
87
78
36
50
20
14
15
25
59
29
11
67
61
15
35
88
45
85
60
49
97
51
64
93
85
10
94
19
64
19
81
36
47
61
91
30
66
38
53
47
29
89
20
38
44
25
13
14
62
15
13
36
29
76
64
43
57
72
96
20
47
13
10
67
88
47
59
89
90
80
60
45
96
43
20
91
43
17
81
14
63
66
31
15
63
98
98
85
44
25
76
29
32
10
46
34
50
83
49
11
23
74
64
93
40
11
36
82
96
53
34
52
77
59
22
11
94
45
52
90
48
95
37
29
79
39
17
68
52
59
66
77
65
72
14
54
22
24
45
78
75
74
55
12
60
85
17
79
67
90
75
72
80
24
54
68
14
82
78
66
27
26
38
36
96
16
82
80
46
96
89
70
82
80
28
55
66
16
81
72
71
11
41
11
39
20
24
91
51
30
41
57
28
26
90
66
64
19
96
72
14
44
74
75
48
51
45
61
64
49
43
67
63
23
48
76
57
12
93
29
34
69
88
82
64
36
69
75
80
93
38
45
65
58
30
40
11
53
62
86
71
91
96
43
10
61
68
42
24
89
14
22
16
88
35
40
62
22
42
46
66
30
96
52
62
80
61
90
29
37
55
96
92
16
98
39
56
85
34
62
67
13
77
21
63
10
90
45
25
78
65
26
11
77
58
41
70
80
70
13
92
37
28
10
31
85
13
45
82
49
28
37
81
51
15
98
39
90
47
51
71
27
76
36
10
84
22
22
82
80
82
50
35
23
96
39
31
85
