# 16019180	Hana Lalita Izdihar
80
72
31
26
78
42
13
83
32
58
37
51
10
36
84
84
37
69
47
11
81
53
52
11
98
55
18
39
84
23
96
90
35
92
88
13
17
84
27
51
62
19
81
58
38
29
96
94
90
64
56
73
72
94
35
81
65
81
22
54
38
41
18
66
65
75
89
18
63
62
94
51
28
96
74
75
32
10
71
59
88
23
88
30
37
26
11
70
90
15
63
47
50
87
61
26
23
71
31
43
15
45
66
25
52
70
16
74
26
56
49
77
90
48
20
82
98
23
92
70
56
98
53
36
52
62
67
97
38
49
84
67
15
88
50
17
41
52
11
96
19
13
82
60
36
28
20
88
50
28
59
98
52
46
81
14
54
36
49
29
22
32
27
88
59
69
69
51
47
84
86
57
34
57
64
43
49
45
22
99
49
64
65
34
76
97
48
52
68
44
40
39
71
51
97
19
62
76
15
60
96
62
50
79
35
89
43
52
34
16
24
41
15
92
85
36
72
67
55
12
96
63
11
77
26
73
83
88
42
36
22
82
71
98
23
82
18
22
12
12
79
60
55
50
47
96
27
18
18
55
96
19
44
95
24
69
16
88
38
91
37
90
97
97
73
27
86
75
46
89
57
33
15
10
79
83
23
96
91
71
88
37
45
38
46
34
50
97
52
50
88
73
16
42
34
51
67
29
71
45
10
67
25
79
21
83
11
59
10
58
28
70
68
45
92
71
40
81
98
91
25
85
75
81
79
86
30
87
59
17
71
45
57
88
68
30
48
59
24
51
16
66
62
13
74
38
12
44
45
45
55
39
65
59
52
17
48
20
44
19
15
28
19
90
22
35
78
20
33
41
19
29
84
34
72
86
89
25
63
17
36
17
42
66
84
96
89
51
17
19
83
95
47
34
16
26
70
79
85
27
20
78
53
17
18
23
80
69
53
74
27
29
40
77
70
73
23
29
24
90
12
83
34
70
96
93
36
81
85
91
47
55
93
69
25
63
62
67
72
94
93
42
77
52
82
48
92
34
84
38
21
90
21
92
57
71
85
24
44
80
23
25
81
67
17
51
44
35
49
98
94
90
53
70
21
73
39
40
86
35
91
52
37
18
25
94
98
10
15
65
87
61
88
76
46
18
55
29
73
91
51
32
84
36
42
36
35
27
12
58
56
81
52
99
34
51
88
85
37
18
19
50
85
29
95
82
38
36
20
36
93
68
56
45
11
60
72
13
57
97
73
70
44
32
35
36
14
82
93
60
34
57
77
19
66
12
58
66
33
66
44
24
19
13
49
78
36
65
80
48
48
13
44
61
27
48
20
10
50
33
45
42
21
19
13
45
83
15
63
29
16
57
27
32
68
14
91
29
52
85
36
67
86
45
61
29
10
32
24
43
59
39
71
63
99
59
10
91
34
84
81
82
21
54
32
97
54
44
51
32
61
49
12
87
44
54
70
26
89
65
14
98
58
66
82
47
64
38
33
30
22
20
52
61
62
57
23
83
10
79
30
69
39
12
74
75
98
88
50
91
52
95
53
67
74
69
44
80
38
81
36
23
24
16
90
68
89
10
25
40
10
50
72
26
36
97
37
39
12
99
46
40
12
34
60
74
86
26
91
51
88
11
81
19
54
41
54
75
91
89
57
73
22
80
90
96
36
98
80
80
55
58
57
69
96
93
12
40
37
84
93
67
27
21
33
59
31
56
59
80
66
85
82
67
67
54
32
23
60
61
37
81
55
23
98
93
41
32
28
13
66
57
24
50
74
93
87
31
57
58
12
44
24
52
64
89
35
88
11
60
63
97
60
33
27
61
51
19
93
68
53
46
84
86
52
82
41
42
47
42
65
57
86
79
81
33
46
26
58
63
89
93
95
18
42
44
55
61
79
49
64
16
53
23
99
47
74
19
58
72
63
28
73
85
71
65
91
52
73
98
93
94
62
72
41
75
77
59
12
85
53
27
69
37
21
64
12
64
82
26
80
65
22
88
27
91
61
72
93
58
16
77
55
53
89
72
63
48
52
14
77
67
40
36
47
49
44
49
14
53
66
43
55
27
33
64
49
70
52
92
61
32
83
75
74
23
58
76
72
49
55
66
16
45
80
71
69
46
18
50
20
19
74
50
25
33
98
12
98
79
23
57
73
27
82
14
64
94
84
53
10
12
50
75
20
94
26
32
71
24
13
91
48
39
74
82
39
90
35
26
12
18
15
68
48
86
12
99
60
74
85
88
17
42
10
93
75
82
39
71
35
64
68
27
41
38
53
79
47
36
