# 16019090	Lasma Evita Helena
95
81
91
86
38
18
39
13
29
54
18
51
23
21
25
36
48
42
45
68
99
46
70
84
95
74
88
33
63
72
91
65
94
64
82
53
65
31
13
52
26
87
60
93
57
15
24
25
70
36
66
99
40
64
53
70
80
93
52
93
24
89
48
97
94
45
79
19
50
91
86
65
81
49
40
91
27
57
91
26
37
78
18
77
75
68
97
50
97
37
59
44
33
31
95
12
54
68
46
97
18
10
14
36
33
70
64
59
92
42
44
27
91
70
94
93
35
23
68
52
44
34
44
10
93
62
70
98
41
47
51
93
24
66
40
71
88
72
41
40
68
67
58
41
95
34
44
43
88
86
20
61
76
37
12
62
74
76
31
33
17
66
99
47
62
38
38
45
58
68
49
85
20
45
54
38
17
52
51
97
38
79
34
87
47
57
95
25
19
61
84
40
25
48
99
81
13
63
13
47
35
57
46
11
56
81
49
51
82
70
62
62
34
44
87
85
23
91
52
97
99
89
44
14
59
19
27
77
37
76
65
98
99
90
83
93
52
99
98
48
82
89
23
17
27
48
29
16
12
62
11
77
36
53
53
48
51
58
62
81
24
38
66
45
64
69
84
73
21
25
25
69
80
64
19
54
66
94
35
27
25
45
88
49
98
52
81
94
16
33
69
51
48
69
98
23
45
58
83
49
33
21
54
46
53
20
43
33
57
46
90
21
61
29
10
41
46
74
95
52
59
17
92
53
91
60
84
26
68
20
98
69
72
23
48
40
50
86
53
41
52
25
98
57
29
12
17
77
50
48
80
11
25
78
81
87
80
81
95
43
38
53
11
46
18
86
39
20
63
56
36
17
15
43
10
29
55
66
17
68
42
68
31
31
42
96
41
44
22
78
21
41
71
94
78
64
48
40
87
47
90
55
21
27
88
81
85
55
11
57
75
27
41
50
49
58
87
33
74
80
72
93
93
16
14
20
85
96
77
58
73
25
53
49
39
27
84
91
90
64
98
60
93
63
25
62
82
89
86
53
30
51
97
36
12
31
70
88
87
43
59
54
57
56
38
85
94
37
36
22
47
39
51
73
60
95
51
34
34
24
90
92
61
45
61
89
17
28
50
41
93
34
21
60
88
39
85
62
97
17
18
34
45
26
48
64
65
45
66
99
56
62
31
45
46
79
77
82
78
81
30
31
47
89
54
33
53
98
60
61
88
84
63
21
49
48
23
24
63
11
95
96
55
39
72
42
97
19
95
34
31
96
62
17
26
14
33
55
79
72
77
90
20
17
40
10
19
36
39
10
26
74
44
59
20
47
66
55
81
93
57
62
23
46
29
83
62
85
96
25
70
45
50
34
49
38
56
33
24
93
18
65
11
89
65
78
61
32
72
16
90
37
21
47
68
70
94
50
96
99
99
56
60
53
25
40
14
53
98
85
41
75
98
82
64
83
37
28
22
27
80
73
41
99
35
52
29
23
91
98
90
47
38
23
22
64
25
19
36
29
19
12
48
34
76
25
51
27
61
74
17
50
10
94
66
57
19
72
90
40
64
93
98
73
96
15
96
32
48
45
24
80
25
19
27
15
35
77
81
27
92
69
24
96
35
36
94
17
77
22
60
47
25
72
75
30
84
37
45
55
86
71
94
56
74
41
28
94
73
97
47
42
84
92
51
52
34
96
95
33
10
13
41
96
97
46
68
71
97
67
10
22
50
90
36
16
93
22
21
67
76
51
53
48
17
22
72
84
45
30
84
16
56
47
75
58
66
76
15
22
52
82
59
65
60
10
40
32
89
15
91
18
77
35
92
65
15
68
17
52
52
42
91
69
64
42
77
26
94
74
69
84
21
23
88
88
49
36
83
82
52
32
91
20
94
16
14
81
58
74
16
31
83
11
63
11
76
26
82
12
48
69
13
91
27
21
92
84
74
74
32
14
36
29
12
52
99
30
40
34
60
96
14
27
89
13
44
37
56
72
19
83
40
31
33
12
93
25
78
38
77
87
59
21
82
37
55
19
74
99
79
61
79
97
80
28
72
87
59
80
54
66
20
71
11
58
95
68
85
50
28
19
25
74
31
57
12
26
30
38
61
35
16
94
81
13
41
37
77
12
13
63
41
86
19
42
75
38
37
12
39
54
61
24
12
94
52
15
16
27
84
95
74
23
53
82
81
55
16
67
97
80
50
23
75
51
77
69
55
88
83
18
12
31
26
89
84
31
19
44
44
73
61
37
53
12
36
21
55
55
34
52
68
90
60
70
66
15
17
27
