# 16019380	Vinsi Nurlita Agustin
35
25
20
69
47
82
36
45
54
75
31
15
73
80
35
77
75
88
96
25
22
36
64
11
63
88
56
72
98
16
11
67
83
28
59
84
63
24
18
30
61
71
51
49
23
95
74
77
45
84
58
86
81
60
95
23
36
84
69
41
24
25
21
97
28
67
47
28
86
27
43
34
31
89
27
41
88
54
20
39
95
22
51
45
13
21
94
24
27
34
82
82
76
30
55
55
39
91
39
32
85
88
44
52
74
59
88
87
50
95
43
53
91
64
38
25
92
58
73
13
98
75
48
73
35
59
39
69
83
99
69
37
54
21
50
80
25
45
51
51
73
66
93
94
21
86
62
10
19
86
54
34
65
10
75
24
90
81
99
75
18
80
83
87
36
79
62
36
33
17
82
84
77
99
46
97
73
96
61
96
87
74
17
54
14
22
63
65
20
58
51
52
49
92
32
26
47
27
31
61
60
16
87
43
52
79
71
43
61
64
27
83
54
64
89
85
93
96
81
58
71
53
20
57
67
27
38
52
70
27
17
76
32
82
18
74
91
39
65
10
20
79
99
50
90
82
99
70
45
87
43
88
95
13
89
86
77
89
37
89
30
71
66
28
54
18
69
52
23
16
93
78
90
97
62
21
98
46
34
56
76
65
62
95
77
79
53
83
40
83
75
74
20
22
58
30
70
45
53
72
70
53
49
20
92
51
18
24
38
42
96
26
21
84
12
65
78
25
92
86
72
88
72
64
82
59
98
32
89
76
67
52
26
73
58
88
26
79
56
64
61
19
20
91
35
80
14
79
97
72
11
61
59
55
74
29
17
62
50
68
48
59
56
84
55
83
49
25
36
13
19
19
60
59
48
96
82
58
55
44
32
89
21
12
14
79
74
34
39
78
87
79
23
76
93
41
78
35
82
94
74
34
51
39
36
25
84
83
67
79
37
14
44
15
33
89
37
66
28
97
70
89
24
93
63
65
85
97
24
39
16
84
79
56
96
24
32
81
81
45
64
95
59
85
60
81
40
66
10
72
75
39
68
99
35
37
76
97
95
54
58
67
58
85
54
11
34
75
81
29
63
53
71
43
64
46
45
13
98
62
73
50
34
23
92
62
18
22
93
95
73
62
78
57
22
61
72
18
99
49
49
56
23
78
19
33
40
43
91
50
45
36
59
21
24
74
99
96
73
10
85
65
73
31
93
38
70
53
69
33
82
50
95
79
56
55
17
91
95
70
22
39
17
90
69
65
18
37
85
57
11
79
21
29
71
96
97
37
68
35
83
88
77
83
59
75
85
91
86
76
80
71
74
78
80
41
94
19
91
62
51
23
88
81
78
11
23
23
66
72
51
58
27
87
40
19
65
60
23
73
41
70
22
12
49
56
92
32
87
56
22
72
42
99
35
66
52
86
28
78
66
18
70
33
15
31
66
33
58
33
28
62
86
65
78
48
49
58
89
28
72
71
69
76
58
70
21
99
95
36
34
18
48
97
32
87
46
65
29
75
74
17
78
40
66
98
77
24
76
66
82
65
93
51
15
89
99
57
59
69
81
78
36
90
24
79
28
89
42
35
47
52
12
46
33
99
56
10
78
72
91
71
66
67
82
91
30
21
13
30
64
66
28
89
46
95
86
22
44
19
33
24
96
98
26
53
73
56
12
64
41
69
66
26
56
75
13
20
21
66
69
27
19
78
10
58
45
90
12
90
30
29
93
34
80
29
90
61
15
45
83
67
48
76
74
96
52
28
40
34
29
14
45
72
50
26
18
91
32
75
14
55
43
50
55
11
13
72
37
59
20
15
94
97
30
56
75
70
34
29
27
60
98
20
78
97
11
11
34
18
98
27
58
37
26
80
91
29
80
11
14
41
71
23
12
30
92
50
46
85
40
32
41
30
27
98
26
90
47
74
77
61
21
75
89
24
24
53
91
80
58
21
84
25
25
14
93
65
86
19
28
69
73
16
80
27
69
27
16
47
15
69
51
72
78
29
53
77
92
30
15
82
82
29
50
90
91
22
14
84
81
12
28
52
60
41
22
54
25
42
85
97
33
84
69
59
60
69
47
19
35
19
48
58
86
50
13
59
64
10
33
77
83
72
54
95
70
97
19
90
94
92
80
98
39
98
96
37
96
60
20
30
48
56
62
76
53
77
20
19
66
83
28
53
33
91
88
82
10
26
54
77
84
26
11
66
76
72
24
84
92
80
16
95
50
52
42
11
34
90
99
63
48
48
58
79
11
70
62
42
73
82
21
85
80
45
52
19
53
17
