# 16019125	Natanael
60
64
44
85
61
89
37
56
94
11
63
28
27
95
39
89
86
11
46
61
18
31
22
50
80
43
62
53
18
70
42
14
96
66
86
45
92
35
41
78
53
21
85
31
80
20
41
99
56
14
30
40
82
90
95
88
52
59
43
43
58
46
85
82
99
87
95
56
13
39
93
62
35
79
36
12
30
21
45
96
13
32
94
60
18
61
61
78
82
72
88
59
98
65
17
99
38
56
46
30
26
56
94
79
26
21
37
13
21
43
16
96
88
21
19
16
25
77
26
53
88
64
32
97
67
33
29
43
95
89
86
40
86
82
64
12
52
71
40
71
36
55
69
23
94
75
57
94
18
69
38
99
30
47
88
29
10
26
65
98
12
79
51
52
54
43
80
69
80
19
45
15
25
62
66
71
45
94
73
61
97
81
88
98
86
54
27
89
17
32
68
55
76
52
20
10
46
75
63
64
28
62
37
35
23
20
15
71
36
25
74
10
74
21
70
14
38
31
17
74
96
97
81
31
83
80
30
15
10
39
94
22
90
14
47
55
23
95
37
93
59
99
19
35
43
90
54
96
81
93
94
37
41
55
84
41
84
23
73
56
91
62
38
17
64
52
61
18
19
52
57
33
32
43
87
83
33
55
88
39
25
96
73
57
83
71
50
71
57
37
58
96
76
99
56
90
21
72
43
55
71
54
54
58
69
69
52
45
91
39
39
33
51
19
17
30
32
90
75
14
33
97
18
40
23
83
30
76
29
70
88
96
85
85
51
64
95
47
40
39
93
26
48
41
88
86
42
61
54
64
38
50
26
87
79
98
18
49
29
25
78
11
13
25
93
48
92
16
21
37
83
65
38
49
90
96
66
85
27
70
24
43
93
42
13
82
63
29
79
20
93
94
21
93
71
34
38
31
31
95
24
85
36
68
81
64
87
25
72
45
98
54
68
77
16
27
88
38
96
48
36
92
67
41
34
82
25
41
16
67
27
86
99
64
61
47
85
85
99
92
32
83
60
66
55
50
31
65
35
77
40
89
45
61
37
21
80
70
27
52
46
13
21
69
46
47
73
58
68
45
86
77
35
18
74
12
34
70
72
41
43
30
26
82
38
10
84
46
38
45
81
27
93
40
80
87
58
50
14
81
39
24
20
47
27
72
43
22
40
95
58
59
75
33
75
37
50
64
63
32
40
87
43
27
97
62
26
42
91
49
58
98
67
88
67
78
86
73
66
15
72
17
85
42
62
85
27
84
89
20
47
52
89
46
89
98
93
16
50
65
47
63
15
57
16
19
30
86
77
41
76
20
34
11
24
99
68
50
38
23
89
19
83
78
73
98
22
31
86
79
31
31
67
97
20
63
99
86
69
46
23
76
43
25
44
50
28
12
33
36
57
42
88
34
96
56
74
41
77
31
26
92
62
64
48
69
15
88
31
43
62
19
42
85
82
67
95
90
22
46
80
71
16
29
82
29
74
55
89
80
27
36
86
80
19
70
96
92
49
12
74
87
80
44
30
58
98
58
75
64
45
90
73
52
13
65
22
26
25
69
58
72
84
24
70
98
85
25
93
89
12
91
17
61
19
27
76
60
71
24
86
35
47
89
16
17
10
25
59
43
93
72
92
13
94
77
52
69
88
29
60
75
49
38
70
48
50
42
25
15
94
52
53
68
36
55
85
13
41
59
30
95
41
39
39
86
59
59
71
85
28
30
67
19
83
66
34
55
63
56
38
23
20
56
53
10
27
48
62
75
83
85
80
74
42
68
54
77
68
81
45
48
54
31
56
82
26
95
76
86
82
65
82
67
59
25
62
64
96
77
52
88
41
69
42
31
83
22
83
47
51
99
60
10
26
77
79
29
81
20
55
62
71
39
11
12
64
68
13
72
35
60
91
22
44
83
95
30
24
49
75
35
29
22
97
90
62
84
47
17
33
62
31
77
98
53
94
14
64
96
39
49
68
52
95
26
88
11
99
56
69
73
28
66
12
51
10
31
16
79
81
91
85
76
33
74
25
36
97
22
47
34
43
92
82
62
53
39
95
67
26
55
76
42
97
87
55
17
89
49
35
96
42
66
36
87
21
34
57
13
43
66
47
92
18
77
19
98
51
47
26
21
55
87
71
11
79
62
95
53
98
91
48
16
52
50
53
81
37
34
97
53
52
58
77
83
96
58
98
85
61
37
19
51
48
81
33
93
69
11
35
38
59
42
32
88
64
48
78
99
71
77
23
86
55
97
46
43
82
33
82
18
71
58
53
85
81
37
17
90
