# 16019160	Faiz Aulia Rahman
78
74
93
95
44
80
13
65
47
18
37
93
28
95
84
39
90
23
23
86
78
86
21
60
26
16
94
78
61
44
20
84
91
89
83
74
55
46
23
65
53
75
57
92
22
59
38
64
58
17
90
71
55
97
71
75
99
29
97
45
73
65
16
30
40
14
27
67
58
48
66
22
70
83
64
40
80
96
52
68
51
74
88
66
96
54
83
89
78
84
77
71
94
31
26
64
87
77
72
80
53
66
78
94
25
20
80
57
75
28
69
16
16
11
97
53
47
86
48
21
22
97
19
87
72
37
84
89
90
48
56
43
59
75
34
30
34
73
35
53
19
26
10
88
94
23
15
63
38
40
34
44
83
60
48
82
74
71
89
53
38
20
76
51
92
89
14
24
71
10
55
56
41
29
20
28
65
14
41
18
84
52
16
78
28
41
20
82
40
46
64
12
29
14
53
88
57
45
52
26
31
60
78
45
44
27
42
37
91
78
44
32
77
13
51
40
42
24
55
48
20
78
87
59
84
19
80
49
92
75
23
99
89
24
35
51
33
73
67
87
12
45
17
38
56
78
13
89
99
41
95
89
11
23
39
26
85
68
60
55
97
83
37
79
68
35
61
34
75
79
98
18
10
78
95
28
20
93
18
96
72
47
62
89
16
87
45
30
42
23
14
59
46
42
32
44
37
19
90
83
28
79
87
95
20
99
11
83
33
92
44
27
57
40
97
50
24
44
24
88
82
84
63
98
37
81
40
26
80
36
29
64
61
20
23
13
32
17
94
50
41
65
46
39
55
81
30
55
84
90
31
77
63
93
31
92
59
49
33
42
42
26
34
29
60
74
62
75
40
48
15
17
83
80
70
55
10
99
20
89
79
32
24
74
67
62
20
85
87
38
24
29
59
20
63
93
74
78
70
71
61
35
92
39
62
34
41
22
98
86
59
88
60
70
89
31
17
85
20
68
92
98
47
52
34
22
34
55
10
34
31
49
74
73
42
93
27
91
11
46
25
74
13
71
86
69
48
66
61
97
20
19
37
18
75
94
46
33
23
44
42
73
34
39
37
39
39
26
71
39
17
53
67
93
83
75
14
19
51
74
28
51
97
10
88
12
40
76
52
50
80
22
12
15
15
95
40
30
70
76
29
38
96
62
81
99
91
19
41
40
72
47
99
16
88
73
83
37
59
73
31
24
46
97
27
11
77
73
57
63
32
78
56
95
96
98
84
24
80
71
15
35
84
69
42
36
26
32
35
16
86
47
52
75
37
20
56
53
99
84
22
37
81
16
95
45
87
19
62
13
40
70
99
68
81
60
60
83
81
44
35
64
87
73
74
66
46
46
99
83
36
87
23
27
28
79
95
39
10
20
41
21
71
58
93
15
38
32
42
17
44
68
27
77
19
82
59
35
80
66
79
99
65
52
59
41
14
52
42
78
25
86
64
41
23
93
61
53
88
31
22
48
98
95
57
70
31
68
28
28
62
15
79
58
71
52
75
92
53
37
67
41
83
21
44
70
22
25
86
92
72
21
53
33
56
87
33
51
79
54
57
15
60
48
74
60
79
74
83
86
98
71
31
88
19
23
31
70
43
22
74
20
66
21
54
34
64
67
92
61
93
49
98
93
22
41
90
62
18
19
89
15
70
16
93
32
35
54
29
72
79
78
50
91
92
98
28
75
88
75
83
65
44
67
23
62
26
34
65
39
12
27
33
89
24
90
12
53
34
49
18
38
25
29
49
15
88
82
91
12
58
47
52
72
32
32
18
65
68
34
85
46
43
43
57
52
45
80
12
78
13
84
58
53
65
12
69
62
91
82
58
58
98
28
56
81
65
59
34
31
39
52
15
38
53
50
88
32
92
45
96
61
49
23
14
59
54
24
54
45
98
29
24
16
10
28
44
65
58
36
75
98
99
22
49
67
56
67
24
54
49
45
51
98
18
84
61
40
74
56
67
11
68
41
60
35
71
17
28
36
75
80
82
19
72
87
56
53
80
58
10
39
78
33
62
50
26
17
43
40
71
85
10
59
67
27
57
32
89
47
72
54
99
48
68
24
20
77
85
80
30
79
54
37
96
69
88
77
35
49
53
36
63
47
93
83
87
20
26
75
66
23
26
24
44
96
20
99
14
17
22
62
28
82
24
64
54
18
65
61
48
73
22
94
83
53
52
96
62
95
42
36
64
76
85
65
50
90
91
61
56
73
61
79
16
10
22
84
12
32
98
81
55
30
31
77
88
35
93
34
61
40
11
11
49
24
11
30
43
85
