# 16019130	Agung Kurniawan
21
31
54
19
50
52
75
84
95
10
92
34
47
46
29
82
12
81
33
16
69
41
26
81
44
68
67
24
66
46
22
18
59
53
24
60
98
94
75
57
38
25
52
72
50
44
59
63
88
89
11
21
69
69
92
76
16
10
29
15
64
60
68
19
14
57
92
20
57
18
51
70
23
13
83
77
46
74
70
76
79
78
28
92
31
51
92
59
32
94
97
19
46
21
33
23
58
25
33
32
87
70
34
44
88
95
95
39
49
81
16
33
37
49
64
45
46
80
65
50
95
40
87
20
74
66
68
77
13
88
12
40
80
87
71
79
55
21
68
60
57
32
51
77
50
85
43
69
35
17
22
95
88
22
79
12
63
57
98
92
58
99
29
98
86
83
97
52
96
26
22
38
16
93
17
64
83
70
87
31
89
28
34
16
39
30
81
67
18
36
34
59
55
58
39
74
71
84
72
21
69
86
91
49
45
64
76
35
87
31
82
26
75
74
45
12
88
56
20
39
14
82
66
77
26
69
91
16
54
57
96
70
78
23
23
73
53
17
20
60
92
72
67
73
34
44
38
67
57
20
37
45
78
50
33
59
69
31
19
70
24
32
28
64
60
72
14
49
51
11
66
64
70
79
39
31
55
46
24
77
23
17
34
65
10
28
35
79
54
44
87
26
82
81
29
60
44
46
86
28
78
13
64
72
50
71
41
12
14
78
94
20
11
23
19
85
98
97
82
64
27
92
99
93
88
89
91
49
14
25
21
54
95
61
68
70
27
86
96
26
52
77
43
66
43
28
34
59
66
64
36
93
32
67
75
82
71
89
16
33
84
69
65
15
88
98
18
99
98
11
31
72
13
32
72
10
71
89
43
71
19
17
10
46
58
10
21
64
85
91
99
33
67
62
96
33
77
24
75
27
25
94
57
72
10
61
17
56
20
91
59
94
82
78
36
91
24
95
28
38
15
85
11
98
94
95
64
20
80
90
49
19
69
77
34
30
35
15
40
66
91
12
86
55
44
27
42
85
58
25
57
54
82
89
45
46
14
57
97
49
95
93
48
92
80
64
22
32
26
67
95
24
99
77
18
64
24
15
33
74
78
60
81
46
39
57
81
81
47
25
29
26
52
73
37
33
95
86
96
33
32
89
64
64
57
12
15
11
79
27
30
49
17
84
70
10
13
89
71
67
94
51
68
70
21
26
35
55
98
31
34
50
11
60
81
16
63
97
36
42
25
79
46
79
78
60
51
70
25
48
53
94
46
35
91
50
60
44
40
69
78
92
97
84
35
11
36
47
14
45
32
92
16
45
71
51
73
11
18
63
30
48
33
51
37
34
81
64
97
65
84
80
14
96
96
68
77
51
65
70
48
20
40
85
66
96
62
13
24
36
84
17
81
16
30
84
31
98
85
28
92
70
41
98
47
10
79
81
40
94
82
84
59
21
73
60
17
58
94
25
59
89
32
59
73
89
93
60
18
11
12
55
38
45
76
21
91
43
65
61
15
82
20
80
62
31
31
14
99
99
46
48
39
86
39
37
98
87
72
39
80
25
59
74
80
22
78
53
85
13
40
65
55
77
88
19
90
40
56
36
29
89
99
54
15
78
56
71
80
24
37
58
79
85
81
35
32
48
21
56
40
62
74
24
47
96
73
88
43
21
83
78
33
18
51
92
10
79
78
71
76
69
74
90
34
51
28
95
57
42
95
56
18
67
21
14
71
10
60
88
90
17
84
62
80
10
19
92
30
85
90
11
73
28
26
98
25
43
27
73
49
60
46
72
68
39
32
79
42
79
45
41
25
92
54
55
40
63
45
70
53
12
47
40
85
81
61
77
45
13
81
72
40
79
33
63
47
93
73
42
16
82
63
97
52
28
70
68
62
91
49
14
97
62
71
92
90
29
29
13
74
94
25
36
49
64
56
51
43
68
58
90
20
77
30
66
46
11
99
90
25
43
93
41
80
50
97
21
42
60
28
61
74
80
73
75
83
58
55
14
66
74
74
87
75
32
69
70
24
76
20
32
95
28
39
59
59
16
42
78
73
25
10
58
75
67
88
48
51
64
96
71
50
86
87
49
84
42
53
70
62
93
23
53
54
82
96
95
37
13
72
61
24
80
89
56
65
97
34
49
84
25
19
10
77
91
77
20
13
17
24
40
50
66
77
67
79
98
65
69
39
20
17
39
17
16
15
67
53
57
37
36
51
79
76
48
11
41
55
19
81
20
94
76
11
15
69
99
41
32
53
89
66
56
90
63
40
19
58
33
