# 16019105	Novalina Ramadhanty
21
65
32
22
19
99
35
24
97
44
50
35
12
37
88
68
40
73
74
93
23
94
71
19
78
35
82
61
27
59
31
54
64
73
72
42
21
16
44
83
19
53
39
32
94
47
42
17
55
42
52
84
42
15
96
63
40
38
20
17
59
23
90
59
23
39
54
11
77
39
78
74
17
76
48
91
94
93
91
69
64
57
66
45
42
74
82
50
58
61
81
73
19
79
57
77
87
78
23
61
10
60
85
52
11
34
24
21
43
79
37
69
60
12
20
10
41
38
63
99
19
31
68
97
40
76
38
77
75
59
95
53
40
86
56
40
79
73
55
81
22
84
93
55
87
61
84
45
20
29
32
44
22
52
85
62
52
26
20
98
16
59
48
44
42
77
51
45
25
74
57
49
57
59
21
92
28
68
47
55
57
70
43
54
73
35
95
16
55
71
18
46
18
35
24
93
77
17
88
21
38
26
46
48
31
10
69
91
12
43
79
54
23
54
70
62
43
26
17
27
80
28
58
64
41
25
18
32
33
27
67
47
30
88
71
75
37
45
66
72
11
53
16
52
86
94
67
64
40
34
69
64
87
48
41
93
83
79
63
83
96
19
56
24
12
77
61
50
35
97
39
58
53
68
34
53
71
62
41
29
96
82
81
34
37
81
99
83
11
71
24
70
44
44
32
10
33
80
50
63
42
34
60
59
24
37
19
65
89
44
33
17
83
23
22
94
91
33
26
57
50
47
42
45
84
93
68
10
33
59
38
88
86
32
18
55
98
93
77
90
78
21
27
81
24
76
22
43
51
42
38
57
57
88
50
75
48
65
90
72
57
12
51
92
34
71
42
65
49
61
39
77
37
34
19
66
75
69
31
96
99
62
88
28
56
16
76
92
86
82
52
59
82
86
53
70
23
89
73
82
44
71
50
42
63
58
80
51
31
56
45
82
62
44
37
35
40
90
75
98
20
84
76
24
87
76
60
32
34
63
94
47
21
63
34
87
90
21
15
46
15
58
92
95
31
13
30
19
43
31
41
50
40
57
52
80
66
34
26
51
90
68
88
50
64
51
91
82
24
39
71
54
95
14
15
69
67
78
54
72
45
54
40
31
36
57
98
21
86
22
53
86
84
39
67
71
76
96
66
58
66
42
42
56
12
14
39
78
64
33
17
64
38
52
12
37
17
74
24
29
12
52
87
82
24
72
86
59
21
45
83
98
30
76
77
30
20
48
64
68
95
79
89
56
76
39
30
11
17
99
54
75
62
62
70
21
21
76
37
30
24
36
54
21
23
36
91
70
23
27
95
15
84
45
28
84
92
63
77
69
32
16
15
49
81
92
78
55
39
91
41
76
52
21
63
84
85
79
43
92
37
17
75
18
94
64
70
54
99
60
63
51
47
76
13
64
62
35
37
39
40
18
45
84
84
65
28
66
37
14
40
88
59
17
18
60
79
33
30
54
80
95
24
67
77
80
40
16
47
27
54
10
29
15
63
78
23
85
21
39
75
87
89
50
94
42
71
26
82
68
13
62
34
88
81
10
17
96
74
49
51
70
16
26
78
37
98
64
52
69
72
99
61
64
79
82
40
29
43
86
56
26
83
71
84
70
71
87
46
13
63
31
52
59
47
88
53
94
88
26
28
40
48
95
43
27
11
28
61
20
85
49
23
26
69
39
29
91
40
73
91
94
23
49
92
46
79
36
92
18
53
23
66
81
50
62
13
81
86
99
12
19
26
94
72
70
31
51
47
89
75
10
37
27
23
64
41
34
59
94
54
30
76
81
52
71
85
69
66
57
99
57
77
59
85
20
37
85
24
49
53
80
35
11
88
20
79
68
54
44
95
44
78
93
71
19
83
84
44
77
58
85
52
12
40
95
93
89
14
30
60
19
37
30
70
27
24
30
85
29
79
30
51
72
12
72
24
64
11
23
90
72
40
44
14
89
14
63
79
93
10
98
50
69
97
81
69
52
42
21
41
93
56
34
26
70
45
97
82
12
83
57
92
25
77
69
29
45
33
61
90
84
44
74
40
48
31
45
48
72
94
71
49
16
56
56
45
72
33
63
99
55
59
56
83
89
50
96
45
32
24
71
35
10
49
51
13
66
74
84
19
91
16
50
55
46
77
28
90
98
33
14
65
93
45
98
64
12
13
74
80
21
83
39
13
19
54
75
64
16
13
43
21
38
59
75
55
88
13
68
14
11
59
16
45
20
44
30
45
26
16
36
31
36
55
20
77
51
85
63
46
14
28
52
21
99
84
78
42
47
