# 16019205	Nuraida Indah Pratiwi
61
32
19
79
18
91
55
93
23
13
72
88
56
78
85
70
62
21
56
51
34
14
27
97
94
39
72
63
94
99
15
17
97
66
49
51
80
87
76
39
45
86
27
86
93
81
82
72
86
59
95
56
26
57
17
24
21
49
54
62
94
25
54
52
71
69
40
33
72
36
97
94
27
51
58
17
16
80
81
74
23
20
46
27
11
37
87
50
36
18
32
91
55
52
29
78
25
55
69
10
71
22
70
76
98
94
26
80
40
29
21
53
19
42
92
70
82
89
86
11
47
20
80
57
31
67
59
76
42
21
23
49
50
92
25
22
84
48
92
52
19
27
77
84
34
79
24
72
52
25
48
70
84
71
46
55
54
97
32
96
65
57
25
10
93
24
42
75
13
65
95
83
54
89
35
80
29
41
51
37
31
26
62
71
28
95
31
99
95
86
87
50
75
35
85
98
91
67
33
11
13
74
26
99
19
71
99
50
48
35
59
80
61
40
60
98
92
92
68
45
92
73
71
83
34
89
37
27
88
54
59
61
61
37
18
56
16
68
77
25
63
35
77
92
38
73
31
48
52
18
77
67
76
68
95
55
54
28
79
85
83
55
49
93
77
44
63
34
22
88
42
28
38
21
96
51
54
34
98
80
65
87
86
17
93
21
22
46
54
90
90
31
51
90
84
85
59
40
12
46
56
44
92
36
17
86
61
10
56
90
97
79
26
43
37
83
60
77
32
81
74
50
85
75
88
10
38
17
81
79
21
57
18
63
69
35
67
77
46
16
36
81
25
18
39
84
27
27
51
30
27
90
50
62
35
63
46
65
95
39
21
10
47
82
37
45
68
22
11
99
17
50
17
87
87
84
41
56
45
13
15
93
95
36
24
11
12
14
59
49
75
52
97
75
17
97
47
59
16
47
89
31
84
81
74
46
50
45
27
36
62
11
52
77
88
78
98
99
35
14
97
34
42
42
14
60
92
47
43
96
28
85
90
85
95
30
23
41
38
22
78
21
77
19
78
75
48
80
35
92
97
85
88
67
52
27
81
78
70
62
84
34
19
19
94
48
76
71
81
71
10
13
83
45
56
94
50
30
91
71
69
33
35
56
76
78
15
63
79
81
62
82
21
48
63
55
76
18
83
73
44
17
61
20
22
21
68
33
27
33
92
48
24
44
93
57
29
91
90
17
83
91
12
68
24
55
13
29
20
27
33
98
76
90
27
41
92
66
92
46
49
15
13
67
11
79
82
77
26
47
63
89
48
59
22
15
62
28
61
20
73
10
66
85
87
79
97
96
77
25
64
42
62
82
58
74
79
41
20
30
84
63
98
14
73
98
83
59
67
71
28
46
19
53
52
18
54
60
22
55
74
79
44
48
20
53
21
85
25
97
29
18
58
55
17
47
26
91
92
36
68
34
10
22
61
64
95
10
16
34
27
70
69
70
98
71
58
67
18
90
84
77
22
37
42
77
11
31
79
84
98
24
57
38
37
15
96
84
74
24
74
57
30
13
78
39
31
37
79
48
29
32
17
53
14
47
24
50
78
86
41
44
10
39
93
17
98
40
36
38
16
81
20
90
59
82
89
71
89
32
85
15
16
89
70
44
77
29
94
49
57
44
56
54
97
56
52
80
91
50
22
32
27
71
42
71
40
96
73
90
36
81
85
59
56
31
45
39
66
81
52
23
76
25
78
15
79
42
74
63
70
98
76
67
32
36
63
59
83
25
56
45
43
86
71
16
27
83
17
58
12
19
90
74
71
95
81
32
74
23
74
53
78
48
79
61
38
78
52
15
13
11
48
15
14
93
39
84
70
50
21
96
20
43
87
43
70
23
78
41
91
78
89
44
38
24
63
48
27
98
24
35
24
39
35
39
11
93
54
64
73
85
78
70
39
12
34
34
58
21
61
77
48
46
17
78
80
22
89
32
81
56
26
10
65
14
28
80
61
22
40
60
34
54
48
59
34
27
54
78
53
41
18
76
35
17
90
15
85
12
89
91
81
33
84
98
70
30
90
86
78
90
34
58
20
60
95
89
95
42
91
75
63
65
99
24
39
28
20
79
27
91
73
81
44
94
65
16
62
66
41
87
30
90
74
93
41
44
40
74
23
14
39
49
94
63
54
74
83
44
10
51
62
53
10
54
96
14
97
95
59
25
10
60
43
69
38
39
66
53
36
45
63
73
91
10
66
66
62
15
14
21
45
19
89
72
77
96
35
84
70
94
95
84
77
50
60
69
17
21
47
51
67
11
69
55
24
47
44
37
