# 16019095	Tarasinta Prastoro
21
29
59
78
36
40
96
15
16
65
81
90
73
33
62
41
87
36
46
28
52
34
85
79
84
52
82
65
41
38
20
20
32
27
89
97
69
22
87
77
80
22
72
19
95
87
38
72
14
66
49
57
67
39
69
32
58
52
90
59
55
33
13
48
13
34
46
90
25
60
96
83
75
28
56
58
42
35
28
17
18
97
33
19
47
27
47
11
83
37
39
38
44
25
66
80
48
88
19
31
93
50
84
27
65
24
15
57
82
36
12
46
89
21
71
41
64
87
49
89
96
16
25
47
58
14
80
71
72
86
20
26
31
87
91
40
15
92
27
42
71
82
29
84
73
50
84
30
33
32
28
19
98
86
84
82
34
72
50
26
54
34
64
22
16
60
90
19
55
68
65
82
22
50
52
89
93
74
81
32
41
79
44
36
16
24
60
99
21
42
71
26
87
64
55
31
25
64
34
12
56
96
44
56
18
31
38
98
65
55
29
21
58
25
66
33
63
15
58
76
70
74
95
53
50
92
51
30
59
16
24
96
13
57
82
36
62
99
76
55
35
41
65
72
80
75
64
72
15
38
10
38
27
98
58
11
58
68
82
25
26
57
16
99
11
33
11
51
87
96
21
29
90
78
58
12
16
70
31
60
78
38
29
91
52
18
15
96
89
48
62
52
61
64
50
76
74
80
46
55
65
37
14
23
29
27
85
90
92
54
40
42
67
86
34
65
80
64
69
11
28
55
58
60
39
39
87
43
85
75
29
44
25
79
17
13
48
41
96
84
47
91
14
50
37
12
51
68
12
95
63
46
87
93
78
29
28
24
12
51
47
13
55
33
42
97
62
24
63
32
31
42
41
38
74
82
16
56
41
38
90
45
57
48
76
96
87
82
96
91
60
75
43
30
59
20
87
84
46
31
53
54
47
90
53
61
98
64
46
52
28
14
12
22
83
22
18
67
42
80
64
80
15
94
14
59
83
13
51
81
87
84
34
60
47
93
95
52
67
64
46
93
57
87
77
35
32
68
20
62
21
73
61
59
91
30
56
35
54
21
88
55
30
39
48
80
56
92
87
11
65
89
44
90
86
68
25
55
81
76
33
95
70
37
62
89
19
88
79
68
24
53
99
42
57
52
72
34
10
58
47
39
23
45
59
19
38
46
72
85
74
57
94
33
60
34
11
28
28
10
26
52
42
72
34
12
36
54
25
20
96
51
61
98
81
45
67
34
18
20
38
70
68
55
92
29
25
50
45
75
38
89
76
55
75
70
97
62
76
28
85
81
92
53
82
46
55
69
10
34
62
23
38
87
60
58
64
79
15
90
89
61
29
34
12
11
25
35
60
73
36
83
87
74
78
63
99
93
69
69
44
78
72
38
49
35
60
34
30
85
82
88
59
72
70
32
65
96
53
61
85
25
57
22
82
52
64
42
89
40
40
43
26
97
14
35
58
14
77
31
94
95
76
41
79
16
24
79
34
51
99
10
45
87
17
37
96
61
77
17
88
77
75
98
64
81
80
38
26
27
33
35
26
72
29
65
54
31
59
48
52
99
11
12
30
76
22
73
89
65
46
36
26
84
36
70
89
35
28
17
85
82
88
24
33
66
68
17
12
34
89
53
78
74
58
18
20
71
80
82
45
87
10
10
44
23
34
40
41
63
96
86
47
45
15
95
66
29
30
25
42
30
46
46
26
83
86
84
89
32
36
89
96
16
10
86
38
75
30
93
46
99
47
54
19
54
24
62
56
82
16
22
38
64
95
80
45
91
36
83
18
81
88
32
37
14
33
52
57
93
13
19
35
91
29
54
92
49
52
70
64
78
71
86
11
55
35
53
28
71
27
24
74
53
68
63
86
36
98
37
14
43
14
20
27
41
59
80
54
37
40
90
43
60
70
80
89
58
80
42
51
96
52
46
65
81
32
64
94
63
11
29
94
18
51
21
33
42
10
25
12
10
22
44
91
75
76
60
56
10
92
17
93
38
43
79
47
69
92
54
69
92
61
87
43
77
90
53
44
38
72
49
58
17
20
83
61
31
51
31
75
20
14
44
39
53
73
12
48
58
90
40
27
48
64
60
85
70
21
91
87
19
96
79
53
31
12
36
16
85
49
21
75
78
74
33
26
64
16
92
16
93
36
88
67
78
12
77
88
51
69
53
51
30
54
30
79
54
51
11
51
13
61
13
76
47
12
99
25
12
23
44
57
78
94
82
75
11
34
98
13
20
63
74
38
66
73
49
18
45
94
71
56
49
89
42
90
68
64
27
