# 16019425	Fajar Trisno Purwanto
96
54
92
63
91
22
97
34
69
97
47
78
23
20
71
30
62
24
39
76
88
28
66
66
81
86
14
90
54
43
43
38
14
85
13
46
96
13
69
82
55
78
14
99
61
69
48
30
24
64
98
18
37
67
92
84
61
46
42
73
12
86
38
70
66
50
36
36
80
79
25
52
29
82
54
74
96
69
38
36
80
25
57
76
35
55
25
17
26
27
20
43
53
46
74
45
30
22
25
25
61
85
98
91
24
25
15
28
42
40
11
47
63
24
13
15
83
61
31
14
70
93
35
80
15
37
35
39
56
73
98
62
45
56
79
60
42
33
93
54
92
52
99
11
96
50
56
46
22
40
68
68
96
40
75
97
76
47
85
88
42
14
85
65
48
41
92
33
99
68
58
39
51
90
75
81
55
97
59
67
73
47
18
47
31
41
58
77
49
79
33
36
37
12
76
46
39
71
67
83
66
45
31
92
71
43
53
78
60
42
87
98
79
45
55
59
94
16
21
72
80
77
71
72
84
68
73
69
28
31
82
46
37
11
13
89
17
85
87
88
63
62
21
94
54
27
90
60
13
76
51
75
42
25
69
31
51
61
21
21
97
52
77
80
81
13
36
59
66
34
18
17
76
58
16
16
65
44
13
96
50
34
47
55
20
58
51
64
72
91
79
58
12
44
41
19
71
27
75
76
89
43
41
61
93
37
46
73
36
15
39
20
71
36
90
52
70
52
34
75
17
90
17
61
39
80
88
83
31
34
10
65
97
30
45
46
34
12
22
75
51
27
60
28
83
97
11
53
38
31
62
16
32
85
32
68
57
43
90
75
31
84
42
83
35
18
41
64
46
49
10
68
60
71
11
90
94
97
24
48
39
69
87
73
90
25
31
20
49
95
57
30
22
97
67
52
42
76
87
33
38
71
63
72
58
30
28
83
31
19
51
17
82
93
84
22
48
13
59
89
59
34
31
77
43
86
97
80
70
77
84
27
13
84
78
90
74
62
97
24
94
64
83
93
54
79
11
87
89
16
56
92
65
30
98
17
62
75
82
24
82
44
69
66
76
77
38
22
76
80
80
27
14
46
19
59
70
82
49
20
97
48
50
15
68
12
35
34
94
71
40
85
52
67
81
61
20
74
64
14
32
17
36
88
21
20
89
31
11
85
34
28
78
79
25
39
40
39
34
41
45
69
71
99
33
39
64
29
81
50
40
81
50
11
40
56
33
95
75
54
81
70
29
18
74
46
69
98
14
45
53
16
54
23
36
83
84
41
99
83
16
10
72
26
94
18
83
76
29
21
36
69
18
20
97
89
62
16
85
42
47
30
41
54
71
20
62
57
28
77
81
18
25
71
10
89
79
25
20
19
23
65
12
59
10
47
62
20
84
58
48
43
46
61
53
80
62
55
46
57
62
62
32
32
85
60
86
86
43
44
76
26
52
14
41
21
16
63
22
14
93
79
49
74
47
97
41
18
39
39
54
27
16
47
50
32
93
63
76
31
40
84
31
36
93
92
70
60
84
74
34
40
52
55
45
51
28
12
20
62
58
48
21
76
44
74
67
48
96
15
84
94
52
44
39
90
82
36
24
50
24
14
89
57
23
61
15
74
15
46
42
52
46
99
16
49
61
62
51
24
53
21
56
63
46
86
12
93
83
21
69
33
10
20
61
90
67
42
82
70
34
51
33
46
18
44
10
90
22
41
89
46
49
26
33
32
76
31
22
81
96
96
58
35
33
67
74
67
86
64
21
58
97
43
46
45
83
38
40
68
86
40
28
56
11
85
26
50
33
29
75
87
32
39
62
67
94
17
46
32
85
70
93
59
99
89
93
74
64
96
89
70
27
97
71
27
46
80
39
53
58
36
98
61
67
73
88
89
26
45
71
98
63
18
69
10
51
18
88
57
27
81
50
99
52
76
89
33
75
37
38
32
82
97
12
24
33
44
11
87
56
47
21
35
57
24
53
96
36
68
77
41
38
78
77
97
54
61
74
22
84
64
35
96
68
67
32
46
47
63
24
78
39
82
93
88
74
78
50
36
24
44
96
84
60
34
26
67
70
54
93
32
61
15
59
52
90
96
56
36
98
52
87
68
97
13
94
82
84
22
15
14
90
55
35
95
80
44
54
91
17
51
77
98
11
90
49
77
86
17
44
83
57
71
45
73
76
47
42
36
60
31
39
59
96
84
80
49
60
70
19
19
42
42
26
43
41
38
45
23
69
90
65
48
54
38
32
24
74
44
71
89
38
92
88
20
79
98
52
28
