# 16019240	Marshanda Tiana Sarjito
20
99
73
65
30
88
85
91
67
75
33
95
27
78
10
36
19
21
78
28
12
88
45
20
76
45
61
30
63
69
44
99
93
42
58
18
51
68
94
59
10
19
69
81
77
48
96
18
68
19
17
47
95
74
64
25
43
77
52
29
57
83
76
88
38
18
10
57
35
75
25
35
64
56
67
57
80
62
42
25
93
63
79
92
61
42
34
33
53
43
57
95
85
53
27
14
40
28
19
19
47
95
41
55
77
84
25
45
80
39
81
43
98
27
15
42
95
11
62
97
67
32
25
78
46
59
74
38
82
47
90
60
68
10
85
97
79
85
93
19
55
29
37
60
40
15
72
95
64
56
76
49
77
33
34
63
83
97
93
65
99
11
98
86
67
73
99
37
75
61
13
47
46
75
50
56
37
41
93
80
63
57
28
86
74
73
14
40
39
75
44
95
72
78
29
80
81
80
72
76
49
77
19
37
96
46
38
25
96
56
84
16
80
25
79
24
58
18
10
30
22
46
76
92
90
98
51
27
60
36
69
26
48
33
90
30
46
98
74
58
84
53
57
43
21
81
52
71
13
22
64
18
21
23
18
22
17
47
65
36
40
78
11
39
64
79
62
40
10
52
65
50
44
71
34
80
16
64
75
68
94
48
23
79
61
24
37
39
26
83
91
70
27
15
63
50
40
87
16
78
61
34
41
57
43
79
10
57
96
89
91
80
73
42
96
61
90
65
14
97
96
84
88
59
17
62
68
98
97
70
51
52
17
74
80
48
55
40
77
73
20
35
82
92
51
61
91
50
57
94
55
71
34
96
76
69
52
12
89
13
42
83
74
92
38
47
81
88
97
68
73
77
76
66
86
19
35
28
83
71
52
88
44
19
13
12
33
37
98
88
51
66
60
87
76
79
60
64
73
41
28
48
14
75
72
75
91
70
40
61
52
27
39
48
93
11
73
21
65
12
36
37
24
92
47
95
37
90
50
64
39
82
33
94
43
83
56
78
92
87
85
62
10
10
70
29
60
83
11
21
28
91
16
49
68
52
66
47
34
82
89
26
32
96
58
67
46
51
86
13
75
91
17
77
91
82
52
42
87
71
20
22
33
60
73
81
80
54
52
62
41
91
41
10
22
35
25
82
32
64
40
44
41
89
36
99
22
21
22
34
35
28
15
81
40
72
73
23
79
70
21
30
99
38
83
96
34
33
87
72
87
19
91
80
52
88
53
58
66
85
80
14
19
78
23
27
52
91
17
39
36
97
17
14
79
90
86
90
88
72
30
12
21
33
62
17
40
64
51
13
79
87
92
57
62
52
43
86
50
92
42
19
31
34
97
94
40
70
73
32
92
84
60
24
60
78
84
23
54
47
75
37
16
74
74
51
47
25
20
81
34
82
63
27
67
89
30
89
28
54
82
80
21
23
75
82
67
63
33
82
99
50
50
13
29
91
69
21
65
70
48
16
61
76
60
90
67
90
82
81
44
66
67
55
96
66
86
16
16
50
80
67
72
78
32
99
26
51
35
91
87
67
47
35
38
56
62
13
71
27
21
85
99
65
93
37
43
15
42
36
18
62
70
10
85
79
78
71
47
43
27
25
15
63
61
98
67
22
97
93
23
42
33
53
36
22
50
46
73
35
16
22
32
95
93
13
45
77
34
51
99
31
50
14
95
49
17
43
18
82
50
92
35
43
69
24
42
30
51
23
64
63
55
93
76
45
20
15
15
84
97
37
75
16
83
10
91
60
92
62
29
74
20
64
31
77
45
72
59
82
41
83
29
93
19
87
12
24
79
45
15
83
96
58
48
37
57
50
86
74
55
65
13
62
33
72
75
34
10
41
88
53
51
67
45
48
54
46
98
42
21
45
90
51
14
83
75
92
16
68
99
95
13
78
75
78
63
93
85
87
30
94
31
76
11
82
48
60
39
81
44
48
12
86
69
63
88
90
80
13
99
45
59
94
87
37
15
45
14
46
88
48
48
64
54
57
90
82
16
21
66
88
62
74
82
62
34
82
63
50
24
24
77
83
48
37
13
95
93
68
45
74
14
65
10
13
57
96
62
76
50
42
49
80
73
72
79
22
20
35
69
41
87
32
70
99
91
35
88
56
32
74
39
83
60
34
71
72
26
12
86
88
93
71
25
96
61
30
81
98
85
62
20
50
31
72
65
51
81
15
97
89
93
59
91
55
40
83
48
42
19
65
54
20
47
28
78
51
31
98
82
64
23
65
19
26
48
85
83
78
30
25
65
81
11
95
78
54
59
38
