# 16019290	Novia Rahmawati
20
51
53
98
71
39
25
88
65
56
72
90
52
55
57
64
28
16
33
53
46
33
49
18
50
94
48
61
97
14
63
23
26
10
54
99
65
92
16
86
64
77
83
98
21
85
44
51
92
15
97
92
34
12
29
20
99
32
59
76
41
55
34
91
57
88
54
91
76
98
83
35
12
61
57
70
93
95
41
20
84
73
22
86
74
32
37
13
67
90
34
32
82
55
24
15
85
81
72
85
80
48
89
65
50
79
11
38
99
50
58
45
96
78
68
57
81
10
89
68
39
55
41
94
79
57
88
76
37
87
48
73
84
16
13
87
82
35
24
49
59
54
36
60
27
20
79
12
62
57
39
82
27
49
78
38
89
28
16
48
63
61
50
48
23
30
62
58
82
49
96
39
99
33
25
17
23
89
36
48
33
51
20
20
41
81
71
29
41
78
85
48
67
77
11
71
16
73
95
22
11
91
18
93
98
73
91
78
35
35
95
43
26
13
32
52
27
30
84
26
72
99
42
60
22
69
99
89
97
37
22
32
94
34
79
76
43
78
69
77
73
88
31
55
25
99
57
53
48
49
44
93
85
87
77
81
14
60
46
82
49
33
67
70
18
23
17
89
76
53
30
43
98
29
24
63
17
67
77
16
73
97
37
30
81
45
67
36
20
91
29
76
44
98
44
76
44
27
43
96
26
60
16
10
95
22
86
39
10
27
88
79
71
66
10
92
49
72
49
88
25
18
65
54
28
34
41
87
16
88
63
92
20
59
94
78
58
76
50
49
86
40
45
89
75
72
43
75
24
87
13
63
78
83
40
23
13
56
85
48
28
25
18
98
62
66
58
35
59
97
61
34
43
66
15
52
29
48
80
47
67
72
90
80
73
95
39
83
68
29
94
13
35
57
16
64
24
64
82
14
60
41
67
49
71
16
36
93
58
80
37
56
76
56
16
35
53
88
79
36
84
68
14
56
56
70
37
99
87
88
88
95
97
22
37
30
58
98
19
19
21
71
36
65
93
69
92
32
93
49
15
57
76
63
51
72
70
40
99
86
82
49
43
64
55
23
64
91
90
82
95
95
75
19
84
75
60
32
29
38
30
46
87
14
51
30
28
57
38
97
95
46
36
56
14
24
21
53
40
54
15
82
91
28
30
52
30
15
13
74
51
98
24
74
22
92
40
35
42
46
48
42
92
47
74
63
50
63
62
14
94
19
81
61
84
75
33
36
90
61
30
98
98
18
98
40
74
91
27
52
89
40
47
28
92
65
25
19
20
90
94
14
57
97
68
96
76
49
87
81
77
36
45
11
83
73
56
22
29
44
80
76
10
44
29
49
75
63
98
33
86
81
20
64
24
25
56
18
28
60
94
68
57
51
28
34
66
71
68
82
41
42
68
15
26
29
81
95
50
16
23
44
67
95
79
31
75
15
96
29
59
84
68
58
28
64
53
29
89
69
73
23
93
37
68
33
93
38
18
83
25
97
75
57
98
71
53
80
88
13
37
21
18
23
84
11
29
75
98
76
85
57
14
63
25
39
47
85
68
73
73
45
19
17
70
82
88
60
26
10
24
55
61
72
62
67
75
97
95
70
60
94
65
87
54
97
95
11
45
79
29
83
65
64
21
36
27
66
54
60
49
16
27
91
11
83
58
65
17
65
43
88
92
50
25
49
74
98
36
93
96
85
58
92
29
27
99
64
64
35
78
47
77
72
52
43
51
84
87
34
48
66
84
67
18
36
59
46
60
97
23
15
96
21
28
51
42
41
92
82
21
71
62
72
84
55
42
85
14
67
39
29
31
16
32
32
34
54
45
38
39
33
33
84
91
63
57
41
38
13
86
51
89
84
55
43
50
63
33
75
48
83
42
10
11
47
43
72
90
58
71
56
39
37
30
13
11
54
50
60
14
68
27
95
39
63
45
97
36
65
20
17
56
62
51
74
76
43
41
14
73
44
81
85
49
46
87
20
86
84
87
15
64
82
94
40
14
91
54
70
79
34
20
91
26
65
32
13
99
55
83
96
75
13
62
48
92
97
87
66
19
46
64
51
20
40
88
93
90
45
80
17
93
97
54
38
89
73
27
32
16
94
47
58
51
65
86
90
40
75
49
46
63
50
75
93
64
93
57
81
24
59
61
97
18
83
43
61
19
16
29
26
66
48
41
10
43
99
24
26
62
77
32
74
67
37
17
12
24
23
41
26
39
10
54
12
18
43
79
97
63
12
58
10
68
87
23
92
50
13
21
32
33
46
42
64
11
11
57
23
