# 16019210	Nadya Kholifathul Aini
38
38
61
61
44
68
53
21
83
56
21
18
98
42
49
77
61
99
98
27
23
86
42
95
83
20
28
89
61
12
48
51
60
26
57
10
87
27
85
45
11
50
68
61
35
23
84
58
28
55
99
73
48
12
10
69
56
45
63
52
13
15
34
30
70
50
23
31
74
72
80
70
28
32
25
22
25
82
42
56
86
64
21
47
15
55
40
33
18
90
96
26
59
32
90
90
76
13
21
17
57
28
84
94
42
72
28
77
39
61
82
36
94
48
60
83
21
25
83
52
12
92
59
97
15
47
76
59
68
55
47
90
21
22
13
37
75
19
58
62
98
33
58
18
88
47
66
11
81
86
50
68
64
98
50
59
99
25
93
91
60
41
90
69
13
87
80
66
44
48
52
79
60
23
29
97
12
33
32
93
38
30
71
67
46
98
34
64
12
35
74
67
97
60
87
26
56
25
52
12
14
55
20
79
39
98
93
42
10
75
30
89
98
72
82
94
28
29
75
37
55
50
19
92
93
78
75
39
91
88
60
76
25
37
39
51
52
15
92
78
65
49
76
44
85
55
19
25
69
16
39
96
81
57
81
35
96
91
73
29
60
88
10
76
67
78
38
23
76
90
33
96
72
76
31
36
68
16
35
91
79
70
55
24
81
91
76
90
70
73
89
94
90
15
48
94
66
27
36
62
31
79
77
74
89
16
17
49
50
44
23
59
17
92
75
90
15
68
19
90
35
71
25
16
46
11
95
77
31
24
22
21
14
56
31
40
84
16
62
44
90
25
12
92
20
64
82
89
93
90
89
18
48
56
60
91
37
30
12
52
44
83
68
49
69
65
29
47
59
44
10
34
11
71
57
16
45
49
61
58
87
96
65
56
22
71
22
65
15
80
75
85
63
88
95
78
13
67
49
97
38
70
31
49
75
50
91
86
69
50
74
89
29
13
77
81
29
49
31
64
47
45
62
77
97
77
62
67
41
26
13
41
56
70
90
93
32
18
59
17
23
39
86
47
38
28
78
24
14
31
23
97
19
42
46
44
95
52
68
90
25
42
91
87
25
94
99
62
59
87
48
60
56
71
88
78
58
70
90
69
63
29
41
82
69
40
92
13
32
87
18
36
49
28
63
99
84
27
57
69
50
68
35
65
58
76
54
55
74
49
75
34
24
92
91
74
70
82
80
55
56
23
76
49
24
42
17
84
31
41
66
57
24
87
93
31
14
71
65
24
70
17
88
37
27
26
92
32
55
89
87
20
64
80
57
87
92
56
23
34
53
60
61
83
16
64
90
20
41
43
99
30
22
74
14
57
58
52
15
47
99
12
95
44
99
29
52
48
86
80
64
96
39
49
81
95
67
93
76
94
56
20
85
54
71
11
77
55
56
18
43
18
84
42
49
58
55
41
22
36
78
97
35
47
48
38
45
80
75
84
83
41
90
83
92
73
83
32
89
70
96
62
59
59
34
48
33
70
13
66
32
51
13
69
33
61
92
92
54
29
67
72
26
19
22
15
46
73
76
11
31
79
17
24
74
72
70
98
45
71
97
30
83
61
66
54
58
33
64
80
17
92
96
17
88
17
37
97
83
24
84
34
25
35
29
11
93
26
30
89
54
53
20
69
65
10
44
58
61
38
63
47
73
11
38
83
24
97
51
65
91
29
17
28
15
47
12
93
80
62
39
64
64
75
70
40
21
92
95
38
85
65
27
80
71
65
35
23
37
60
10
68
24
60
50
30
75
33
34
46
67
18
12
36
29
73
13
36
77
96
26
45
42
86
13
84
71
89
61
60
52
78
15
51
87
68
49
59
92
88
57
67
84
27
46
45
37
81
30
51
51
91
70
19
64
61
97
31
46
50
17
50
11
20
39
41
15
39
93
56
35
84
33
41
58
82
46
57
47
76
83
25
34
69
16
73
19
70
17
90
37
28
85
18
82
62
46
33
22
53
62
83
37
25
24
68
29
62
19
32
47
68
67
98
34
28
82
53
78
29
48
66
14
71
44
38
24
79
55
53
10
73
91
43
95
60
31
64
36
72
21
18
67
72
66
40
58
68
33
20
57
48
74
49
41
44
49
74
48
49
12
83
54
78
75
61
47
14
87
53
66
76
66
98
43
46
22
17
76
76
26
17
15
83
12
18
58
64
81
59
46
96
21
88
58
12
25
65
21
77
41
43
29
12
78
76
20
30
55
77
17
71
43
99
61
66
94
11
47
16
65
91
15
49
92
35
72
39
59
13
91
74
24
53
89
31
69
37
13
53
