# 16019325	Riri Aroma Nori
70
97
11
15
28
61
83
46
82
66
24
72
72
42
62
14
58
26
21
75
56
85
92
13
85
59
38
55
96
32
94
47
25
20
49
42
70
40
20
18
62
95
98
88
53
95
20
70
36
52
49
98
47
55
95
30
19
55
75
28
75
71
19
78
82
43
17
72
16
65
35
93
85
91
35
38
75
51
38
77
85
81
14
62
88
90
77
63
48
42
36
92
50
45
64
42
40
36
43
30
86
47
20
82
84
98
26
20
56
32
35
24
20
16
68
65
15
71
49
80
97
70
34
91
61
71
10
28
91
73
96
99
53
90
29
67
26
95
66
90
29
93
18
60
63
28
43
93
48
46
84
83
94
47
61
81
57
70
10
61
83
25
51
74
54
52
43
33
51
46
62
36
62
22
26
89
26
61
75
81
40
11
98
33
55
91
97
58
35
61
94
88
44
85
26
95
78
86
33
99
59
86
89
24
35
23
84
33
11
49
41
43
79
42
80
42
15
33
96
75
77
28
49
53
98
64
27
49
74
33
63
94
53
28
14
53
87
42
24
94
74
56
60
12
22
95
23
75
12
88
52
30
22
95
32
86
61
92
92
37
74
56
37
81
80
79
46
51
88
57
96
96
50
69
96
30
72
71
33
37
64
37
12
13
90
81
29
77
94
73
48
15
64
43
77
15
11
22
65
20
75
42
85
50
42
85
99
49
33
82
97
51
85
79
46
55
42
36
87
76
57
67
90
34
81
98
47
21
44
87
70
81
67
70
48
63
21
26
45
76
34
23
26
40
99
24
80
95
11
32
88
51
22
54
59
37
89
94
17
95
19
64
18
66
17
37
57
67
41
66
82
50
20
48
16
79
38
83
66
91
65
92
25
49
78
48
80
98
23
51
12
18
80
61
37
75
19
25
39
65
55
84
34
84
36
36
73
52
97
26
98
37
92
26
82
18
11
88
84
91
97
41
55
74
12
74
71
63
43
12
60
31
79
28
95
16
96
13
11
28
56
41
69
29
21
85
99
86
62
18
96
86
31
48
98
43
47
43
29
93
41
15
79
62
64
59
90
64
49
11
82
84
74
91
69
73
20
24
60
22
79
93
75
56
89
76
94
74
74
40
13
97
21
79
75
49
50
64
55
84
82
81
37
93
34
49
93
20
97
35
12
79
73
17
87
29
74
60
49
41
85
45
62
15
31
49
27
26
30
83
46
42
37
12
96
60
13
54
20
40
55
12
20
94
10
47
62
94
82
97
49
95
24
25
22
63
72
67
45
37
30
85
89
83
58
32
85
90
70
18
52
49
17
13
38
12
21
73
61
35
96
59
35
34
52
66
34
79
87
49
37
26
34
10
44
87
33
82
44
67
67
12
42
98
64
62
25
58
31
86
97
20
13
57
25
33
13
57
59
22
38
15
68
26
73
78
30
84
34
37
39
57
75
14
27
68
98
90
14
34
66
91
51
70
88
74
71
26
99
42
48
40
39
20
24
25
34
40
33
75
76
97
12
16
96
77
78
34
30
16
94
85
19
36
38
58
61
54
47
85
72
84
44
40
54
22
17
67
87
53
46
72
96
13
86
21
75
97
16
74
57
86
12
48
75
36
71
73
26
45
57
47
88
99
19
25
76
20
94
13
79
54
28
88
37
65
48
87
93
88
50
47
27
59
23
37
61
54
84
76
18
66
72
57
33
32
31
91
97
24
73
65
38
52
17
97
25
73
98
69
37
16
42
12
24
60
20
24
16
40
59
70
85
87
70
34
69
19
75
87
10
30
27
83
29
54
39
60
80
81
12
46
76
94
85
59
12
35
35
61
50
26
56
81
30
14
83
21
88
44
21
34
17
69
68
99
64
39
36
35
11
27
29
34
39
97
45
14
56
48
50
83
37
12
21
71
42
37
48
68
33
89
48
79
89
23
47
76
29
34
28
76
69
65
69
55
68
99
98
93
50
75
27
25
51
14
95
11
88
48
42
85
72
24
45
56
68
36
46
68
74
60
11
23
40
32
61
98
35
92
31
21
90
26
47
87
39
17
26
43
28
66
89
28
81
31
59
72
63
17
58
97
36
64
25
46
72
73
22
48
68
42
94
15
34
87
98
96
81
69
51
90
37
38
46
85
80
54
10
44
31
99
11
85
74
29
59
10
31
38
56
28
17
21
79
47
30
70
57
42
39
37
28
77
13
37
27
79
76
66
83
21
95
20
48
66
58
46
88
47
84
54
64
43
41
69
91
79
21
28
63
55
36
50
30
27
43
53
65
25
