# 16019135	Nicolas Hans Charisma
37
88
50
46
56
48
11
13
53
12
47
53
39
79
36
86
75
51
83
14
84
97
43
99
55
80
12
84
41
17
69
12
53
98
39
10
55
65
46
55
11
41
38
77
53
93
12
13
53
24
28
66
14
85
65
46
52
47
65
12
60
41
31
93
46
85
84
63
39
24
63
98
15
46
50
24
52
88
45
49
99
70
98
94
14
49
16
33
11
53
49
31
56
17
46
51
96
18
11
11
60
63
20
20
56
18
41
32
76
28
97
96
54
55
21
75
20
23
29
88
26
47
69
54
90
10
51
64
66
40
52
67
90
97
50
25
80
49
10
62
54
22
79
64
76
78
47
54
22
26
54
19
11
71
79
29
18
80
51
57
48
28
33
29
13
93
20
88
86
74
73
59
54
64
31
86
12
82
21
53
90
28
77
37
59
82
78
71
96
11
86
59
38
53
14
81
86
87
50
91
32
44
77
36
35
82
85
98
84
68
63
31
11
85
52
28
91
91
67
51
62
78
44
94
88
48
86
62
59
67
76
90
41
68
98
64
67
77
73
10
81
50
93
14
48
94
18
13
90
76
37
94
76
28
82
42
49
83
53
30
28
29
86
35
57
38
25
38
30
89
39
36
43
30
59
97
68
90
99
59
33
78
96
94
39
90
29
40
82
64
37
12
41
76
36
79
21
77
25
10
16
83
27
79
10
30
58
84
31
11
77
13
54
65
35
83
40
21
67
11
12
31
55
34
19
20
92
81
35
13
72
49
84
68
21
43
88
32
72
85
96
63
27
82
85
83
56
49
96
25
48
75
64
54
18
68
21
72
34
27
30
65
11
63
38
32
59
66
12
30
44
35
41
16
17
83
74
88
51
32
81
84
96
88
43
75
60
10
66
27
94
50
70
99
55
80
98
55
90
70
63
36
12
94
67
67
70
69
63
67
94
36
66
53
76
38
63
86
33
37
46
47
70
45
39
28
44
67
94
90
26
87
70
41
31
20
63
71
17
50
32
13
69
83
87
59
50
88
78
94
23
95
42
61
27
44
11
34
93
20
88
24
44
99
74
50
22
82
77
12
36
14
90
71
61
44
57
14
21
62
16
44
62
91
29
68
28
37
30
31
19
52
40
85
61
69
14
29
22
80
44
87
93
35
86
82
22
52
74
59
25
81
49
71
93
73
22
46
82
53
74
21
63
65
92
68
12
79
64
85
79
38
58
85
44
39
36
35
25
55
52
80
19
96
92
69
24
26
74
36
26
48
86
60
83
96
51
58
91
40
47
55
30
15
12
17
99
66
90
44
54
54
50
40
82
51
91
82
73
48
17
88
78
14
23
10
92
84
97
70
40
77
72
98
35
30
24
20
56
14
22
26
65
31
36
26
11
20
10
84
78
70
53
12
18
98
90
37
61
39
59
21
21
24
30
11
42
31
44
19
43
21
72
71
71
87
15
18
97
13
82
72
56
64
39
69
27
15
94
20
72
67
90
95
54
50
19
24
38
32
29
73
64
14
43
63
15
36
87
91
93
54
74
20
56
93
15
64
59
54
32
99
88
42
42
24
92
38
67
88
52
30
62
94
37
97
74
17
61
13
32
19
93
91
52
94
94
94
29
48
39
48
22
93
31
63
52
74
71
58
57
82
32
77
15
48
93
15
53
84
62
98
48
84
80
65
10
43
91
11
91
21
70
90
95
19
35
56
79
69
45
36
17
22
43
47
32
13
73
29
81
82
14
84
74
64
50
23
82
20
54
41
41
34
83
43
36
39
95
41
86
60
97
72
50
13
80
53
13
21
89
15
86
50
62
52
83
22
83
94
90
86
79
65
96
19
69
37
32
90
58
39
92
71
98
21
57
25
94
22
37
82
76
96
44
49
50
66
80
60
84
29
33
12
60
55
69
89
48
19
44
77
86
59
68
87
82
17
31
59
56
98
27
17
67
49
11
92
53
26
72
24
37
63
34
73
23
90
93
39
95
21
86
27
51
33
59
46
86
48
50
95
31
90
89
41
96
12
86
52
98
89
78
35
54
58
25
71
84
59
84
72
83
78
17
73
48
21
96
43
78
71
14
14
43
57
50
59
45
72
41
85
61
49
95
39
84
75
10
67
15
62
71
48
84
27
14
66
95
56
50
70
69
89
65
50
50
34
33
77
83
68
97
95
66
62
39
62
23
27
28
44
62
86
11
24
92
55
33
56
57
26
16
49
92
56
28
94
58
17
50
74
29
63
68
24
41
16
66
30
35
14
92
11
77
32
15
43
36
11
