# 16019200	Jason Hadinata Putra
98
92
22
20
53
23
55
65
48
53
46
70
21
12
91
84
28
14
69
62
38
81
79
67
20
16
24
82
12
66
65
45
15
55
60
51
80
71
23
55
78
61
61
74
21
57
73
94
64
37
15
23
50
16
84
56
81
62
82
95
54
17
70
61
94
31
37
26
69
15
55
61
15
51
60
81
22
17
92
92
11
92
92
61
65
57
58
44
77
59
87
80
62
14
80
54
74
49
44
31
50
94
34
96
43
69
68
68
76
35
54
75
54
29
21
84
31
63
60
86
35
33
14
98
63
25
41
98
52
34
11
32
47
82
88
62
35
48
86
37
18
73
84
74
45
97
37
40
78
80
89
59
13
15
28
52
36
93
92
72
19
14
47
11
99
96
54
97
73
37
52
31
13
72
49
66
77
96
82
63
77
29
40
94
55
94
20
21
71
91
16
67
71
32
46
73
80
45
52
79
80
26
36
10
74
22
14
49
72
82
36
75
59
55
12
27
80
47
10
73
44
39
28
27
54
94
91
11
99
60
66
73
51
78
97
39
68
53
85
12
53
48
20
22
72
40
76
68
97
86
27
42
71
30
63
14
45
49
73
66
92
53
93
37
51
97
67
10
55
32
63
91
51
70
61
68
39
70
40
15
50
41
61
81
92
50
12
25
87
42
68
75
82
46
29
79
40
36
32
42
93
72
22
59
13
45
13
76
32
28
98
34
88
49
77
95
83
12
67
80
53
85
75
62
27
97
72
55
98
93
75
16
52
96
90
84
26
59
20
67
25
86
57
49
21
69
68
77
32
76
40
26
45
36
96
26
54
70
31
98
80
86
47
80
82
95
31
43
29
25
39
86
19
79
92
50
26
18
82
48
42
18
75
75
73
31
13
70
93
10
91
90
23
23
79
60
27
67
33
90
80
39
65
68
89
33
84
75
29
17
40
69
78
27
19
60
82
86
93
49
49
36
94
79
88
55
38
93
60
62
22
49
12
21
79
26
51
91
31
16
12
48
39
16
37
13
11
96
83
19
50
38
16
68
68
25
98
58
14
76
61
75
48
46
62
53
68
88
97
10
81
40
86
48
92
19
91
80
85
17
13
69
98
64
31
57
98
20
41
31
45
69
26
98
14
73
97
60
78
56
68
15
76
12
13
73
21
16
25
91
86
16
18
22
11
69
63
73
13
62
37
72
28
26
46
77
59
73
96
81
32
90
96
28
90
17
10
39
32
22
95
34
83
43
64
87
60
77
65
54
75
22
79
68
80
53
66
51
50
72
33
25
83
78
81
53
46
86
40
66
96
62
64
38
63
18
76
95
12
61
26
27
18
37
86
26
32
71
40
78
94
86
22
66
63
48
25
65
55
55
65
55
31
87
98
27
11
17
23
30
44
41
91
88
89
92
21
75
39
56
30
39
94
61
72
83
27
63
75
44
74
31
30
51
18
17
72
51
19
31
38
90
28
53
36
17
29
57
99
82
55
92
55
20
75
84
73
88
30
24
68
70
41
46
46
37
24
16
68
94
97
31
55
14
66
73
70
53
74
43
78
38
93
45
59
10
71
66
29
21
87
73
55
87
81
58
41
84
85
77
86
61
59
59
34
74
62
66
84
69
59
60
39
45
33
39
37
33
63
75
38
61
94
85
18
47
87
73
97
90
43
56
38
72
86
80
18
73
56
36
12
17
92
49
35
70
49
27
41
43
85
11
17
98
56
46
10
84
95
32
61
35
46
17
86
54
99
20
25
77
57
81
49
49
64
52
70
73
10
27
68
98
84
89
70
48
34
17
53
47
92
48
13
32
67
59
54
14
21
37
15
84
64
49
21
43
72
10
48
59
96
45
59
61
30
89
57
94
21
25
56
21
93
98
98
90
14
50
28
51
76
15
31
90
99
82
39
96
51
26
43
37
11
12
65
61
34
58
33
83
16
13
99
60
50
25
46
96
93
88
71
11
67
28
15
78
88
89
15
33
64
43
10
44
64
20
74
68
57
35
19
43
73
63
10
65
48
30
52
24
39
63
94
77
39
38
79
51
70
60
40
83
25
55
88
74
27
47
56
69
15
53
36
70
89
72
74
48
87
93
66
38
99
57
94
44
44
15
27
55
18
94
88
56
23
66
44
95
18
55
18
83
59
17
69
53
23
93
78
29
94
38
70
46
97
12
43
72
65
99
23
21
75
28
26
50
55
82
82
67
99
95
52
60
29
71
64
54
33
31
98
57
55
74
51
93
58
88
13
31
70
67
74
23
55
42
91
16
72
68
