# 16019050	Jeriko Jemmi Ariesta
38
24
84
72
71
94
95
34
19
96
69
74
14
12
42
79
71
84
44
31
89
47
12
47
76
49
37
76
60
44
49
26
92
18
49
64
56
29
65
74
40
89
58
59
53
39
81
15
40
82
34
27
55
72
45
48
66
44
58
80
44
43
43
81
73
40
43
38
21
90
46
41
49
10
32
94
21
63
27
56
59
76
59
69
88
95
51
35
58
64
19
11
32
48
36
34
23
68
52
42
28
58
82
28
75
34
89
15
61
36
17
27
32
58
34
24
91
47
38
45
68
84
37
34
14
38
25
10
56
19
15
93
46
88
10
51
52
18
54
15
12
45
38
41
77
88
76
40
92
95
24
46
79
66
40
18
11
14
67
64
54
86
10
72
11
73
29
72
96
97
20
62
96
71
67
33
43
96
92
39
17
39
73
72
24
67
49
64
44
51
62
80
55
20
97
71
89
81
89
88
78
64
41
48
71
97
20
41
10
14
33
97
14
15
89
40
15
90
61
14
58
79
52
21
83
44
62
55
38
86
81
37
40
18
77
94
26
79
81
67
83
69
89
63
26
54
61
38
24
13
43
75
60
22
32
73
78
58
97
64
23
39
25
66
97
13
50
83
33
41
19
81
64
34
66
92
49
57
79
14
53
38
43
86
71
47
62
50
88
13
13
30
57
75
53
17
98
42
98
80
14
53
88
76
39
51
15
61
93
78
91
85
33
30
99
52
19
70
73
97
45
46
69
69
50
52
86
11
70
69
52
50
83
26
79
94
13
30
17
52
52
99
91
64
21
18
30
49
71
13
72
15
34
81
58
28
42
85
25
74
33
28
98
86
71
72
39
82
51
56
32
44
70
64
86
11
14
23
14
87
19
67
67
56
31
51
91
18
98
48
17
61
16
97
76
94
45
70
67
38
33
94
10
92
66
95
26
46
50
10
14
11
68
24
37
68
65
35
52
67
81
14
56
51
27
83
33
39
74
74
83
65
29
23
53
19
64
92
64
72
96
62
79
12
76
38
53
14
16
23
45
49
10
41
33
54
26
43
92
59
85
55
55
23
75
59
59
41
72
61
37
98
95
19
24
80
11
37
13
34
43
53
62
48
91
33
50
86
84
59
12
98
59
16
99
45
42
73
95
41
64
65
42
87
83
55
11
62
52
24
30
35
77
40
56
34
65
62
15
13
85
88
57
11
60
62
25
64
87
65
85
13
47
39
66
89
24
77
90
34
51
51
55
95
83
48
13
74
97
82
64
96
59
94
15
43
47
55
29
78
57
37
56
49
15
35
68
11
42
37
88
81
66
47
97
94
69
60
72
60
99
64
67
78
87
89
60
29
27
79
87
80
56
37
70
88
37
32
84
47
10
84
33
14
83
17
30
15
25
74
55
13
16
73
19
40
32
64
33
29
26
82
67
14
69
81
27
39
55
53
28
26
21
88
92
47
63
81
54
18
86
79
46
33
68
11
45
58
54
16
44
14
54
43
43
17
90
11
19
29
69
94
68
63
50
78
87
22
15
69
37
53
14
78
79
79
81
26
61
78
42
60
42
43
20
27
92
52
74
96
66
72
81
46
68
34
40
83
91
29
22
49
22
85
10
14
97
35
26
61
41
54
33
34
83
17
62
20
45
19
14
98
72
70
39
72
84
65
85
43
85
77
45
92
20
55
62
13
66
96
24
74
42
44
31
38
27
50
15
69
12
80
45
15
36
73
44
88
91
33
77
58
72
35
27
93
66
19
90
19
49
33
63
20
76
42
91
68
29
34
54
41
25
62
88
63
34
57
21
22
20
42
32
14
89
77
79
84
38
85
44
98
29
58
61
76
47
91
66
15
26
15
92
44
50
19
49
75
30
34
44
62
16
76
98
69
73
53
92
89
18
28
10
87
39
84
71
82
43
79
73
22
27
13
59
43
49
30
66
58
95
93
18
99
23
63
65
91
38
86
40
79
38
74
11
51
43
93
25
40
96
23
28
19
53
46
35
79
92
32
46
77
45
60
65
37
94
51
57
87
11
18
80
35
23
86
13
78
67
74
44
58
74
25
49
19
70
43
13
81
31
38
22
79
45
22
91
13
13
55
11
75
34
83
61
20
92
59
42
60
80
11
37
28
96
79
77
42
37
12
58
95
71
95
76
30
38
45
22
91
16
92
72
55
52
84
15
17
43
95
56
40
42
94
37
79
98
23
75
76
64
76
48
71
35
71
41
97
58
79
49
75
53
96
78
69
81
48
97
50
16
83
48
67
62
77
89
38
38
75
