# 16019440	Ainun Hanafi Adnan
18
53
88
39
20
71
97
65
29
11
46
46
73
18
81
19
19
72
90
55
77
68
69
48
66
74
91
66
39
55
35
61
72
25
54
96
90
55
60
84
27
45
75
60
74
52
45
22
84
57
67
20
93
12
43
94
20
21
44
11
25
95
34
41
20
78
77
81
68
53
79
66
96
73
61
54
26
83
63
88
53
83
17
20
69
29
40
36
43
85
79
95
50
62
60
93
96
23
93
78
51
72
62
54
78
13
62
62
38
16
25
44
17
20
62
71
93
53
29
75
45
90
49
97
33
99
46
97
31
55
43
71
98
65
33
84
63
10
34
60
30
18
10
68
50
53
35
95
49
77
51
69
44
68
83
11
84
12
56
61
46
51
91
20
97
34
21
54
75
54
36
62
66
73
86
27
44
26
80
37
13
20
25
95
82
52
49
75
61
31
70
21
84
78
19
98
98
26
82
60
14
62
49
52
42
65
76
74
59
56
94
66
36
56
12
78
53
77
39
22
93
55
70
91
46
59
22
62
67
99
28
50
92
43
71
39
91
37
48
25
13
45
17
15
15
82
64
42
33
24
37
87
89
64
31
72
60
83
86
24
84
47
71
44
94
15
43
76
25
12
83
57
44
11
72
50
47
56
24
63
83
82
79
12
26
14
64
70
76
94
68
27
33
56
33
80
64
64
67
73
51
20
51
31
64
50
74
16
61
28
25
23
43
23
10
98
45
82
97
85
21
61
42
94
70
90
61
97
80
49
97
96
18
26
37
47
69
13
52
84
98
25
63
75
70
63
77
15
49
52
38
95
99
22
81
36
24
66
59
18
10
32
63
12
66
55
93
30
88
16
72
16
72
81
23
17
79
17
65
23
52
93
39
35
85
91
83
45
87
18
40
16
49
14
48
13
69
80
14
99
80
16
56
77
72
60
42
83
84
84
11
73
62
43
97
60
38
63
93
61
46
19
79
18
36
27
60
63
97
82
65
40
94
39
70
21
94
81
60
57
81
29
84
11
84
43
60
47
59
78
90
18
26
81
79
18
86
67
50
94
42
84
62
86
25
69
63
76
83
79
38
15
48
85
45
17
95
10
91
16
46
96
79
60
76
62
88
77
79
56
82
87
25
32
69
91
94
31
91
81
26
83
25
37
66
83
42
60
42
87
52
74
22
95
32
33
65
14
58
42
45
62
58
51
89
16
97
63
33
23
72
34
74
87
87
31
18
67
69
91
73
85
37
38
17
95
54
64
73
28
71
81
33
15
83
67
34
53
72
96
16
43
92
43
95
28
78
36
55
63
18
39
77
55
97
81
33
26
61
86
88
23
81
55
34
17
81
21
60
78
91
44
25
63
45
12
85
59
87
90
64
33
99
92
88
25
13
23
85
19
95
88
46
57
38
38
99
75
48
22
34
90
45
75
25
75
20
69
86
38
67
91
46
59
56
70
99
10
67
84
23
71
79
69
85
68
77
30
24
82
44
96
87
86
78
92
73
92
14
30
15
98
57
27
19
47
32
30
11
89
17
82
39
63
73
13
93
66
13
69
67
43
27
53
87
92
16
41
88
95
96
11
83
77
40
52
55
91
98
41
50
99
94
53
62
47
25
90
74
12
84
41
99
91
81
82
35
98
92
24
82
25
83
80
54
23
29
47
22
68
25
98
63
72
20
44
13
33
80
53
88
32
19
43
65
96
61
32
57
23
10
42
81
49
79
22
64
61
92
39
35
65
28
74
23
66
64
90
39
51
23
92
32
83
55
17
29
38
95
12
25
14
50
30
90
99
29
35
69
27
41
58
90
94
23
22
57
57
13
18
83
13
23
42
42
71
16
14
96
75
56
42
78
32
17
13
74
82
27
41
24
80
84
89
47
58
82
55
76
19
25
48
37
56
25
70
94
92
88
46
93
78
37
86
90
42
20
56
79
64
99
87
10
10
52
88
79
78
62
76
41
60
47
91
10
15
49
59
56
49
19
94
54
59
58
26
24
37
79
49
54
71
40
73
92
60
96
32
80
66
75
97
35
69
41
59
39
34
41
64
74
51
10
26
86
31
93
99
44
64
43
41
20
37
39
33
45
13
45
71
61
64
38
61
60
20
89
21
67
80
99
57
55
89
20
35
38
53
64
24
75
37
58
37
54
79
99
30
57
42
68
49
96
57
59
39
17
38
90
47
12
95
74
45
58
13
83
54
16
23
22
13
18
18
87
52
80
18
52
36
68
72
74
58
18
98
56
35
92
10
68
37
65
15
30
23
87
74
65
42
