# 16019045	Rasya Izzah
70
62
92
50
80
15
70
32
71
82
64
50
99
60
56
97
98
98
88
41
17
39
22
42
51
48
80
66
83
51
17
58
63
51
15
70
55
77
63
29
76
81
34
88
71
63
58
18
85
89
29
27
19
58
60
98
32
33
75
55
39
16
62
23
31
52
65
42
42
82
83
52
34
24
79
63
40
53
13
58
18
82
91
36
52
31
38
31
79
16
66
85
92
89
38
14
54
56
56
93
22
48
93
54
70
10
92
95
89
41
26
73
28
72
11
13
21
26
66
20
91
63
63
75
51
20
69
84
55
77
85
58
62
60
41
57
94
92
91
75
64
78
95
90
57
86
68
82
75
56
33
65
19
29
14
87
63
96
13
10
82
40
86
55
94
19
67
56
86
86
84
74
41
53
16
87
52
31
89
83
67
53
17
99
40
10
70
31
77
32
92
10
31
56
47
69
57
53
20
28
62
10
10
54
87
75
59
45
93
71
11
50
54
58
54
81
66
97
75
21
60
32
20
26
65
24
76
31
20
74
50
35
93
19
24
77
72
84
97
11
26
44
26
41
44
15
42
76
98
41
77
57
32
48
55
62
46
50
10
46
46
25
29
63
98
77
20
57
49
62
64
84
14
79
33
14
15
93
84
55
82
56
29
29
19
29
80
97
43
81
16
58
45
39
85
59
41
32
51
97
83
61
45
16
20
44
13
37
29
87
90
15
99
72
18
67
54
83
11
69
16
89
36
38
49
44
58
95
28
46
80
42
58
63
16
85
91
90
47
42
90
12
56
28
21
87
33
78
59
90
25
21
57
30
78
50
82
57
13
55
98
55
24
24
64
42
21
64
28
14
94
24
14
93
63
54
89
51
30
83
74
44
95
16
52
79
27
47
99
88
69
98
20
51
89
70
41
84
92
84
65
84
38
58
87
78
56
33
74
16
53
14
92
66
81
78
47
52
48
38
42
96
80
67
10
51
55
12
26
49
85
19
25
98
75
21
94
25
14
32
17
70
98
50
12
79
83
83
19
53
80
28
24
95
55
96
26
17
34
16
58
15
76
48
31
38
70
36
93
38
36
44
29
17
46
62
21
56
82
59
73
34
41
13
39
36
89
81
11
86
49
75
61
91
14
42
35
59
31
48
54
27
24
84
38
78
17
28
94
66
55
16
76
94
25
98
29
60
33
43
54
12
34
24
48
63
30
55
21
37
72
34
21
70
42
43
52
58
95
59
49
79
70
98
28
64
33
90
45
60
67
15
40
87
91
41
18
49
22
97
48
10
60
14
98
68
99
83
18
55
86
52
15
53
84
60
14
79
46
22
23
67
12
94
79
82
97
83
71
22
83
83
77
38
13
85
41
86
31
60
12
92
97
87
97
34
13
45
96
80
74
20
36
98
76
28
14
66
84
72
22
32
42
38
95
76
57
70
95
48
73
70
57
55
15
67
85
54
57
44
97
52
41
66
79
47
55
37
51
95
93
35
41
72
51
27
71
91
94
95
24
51
91
16
58
89
65
47
73
47
22
45
88
96
78
70
61
67
60
76
63
96
33
56
93
27
17
76
71
91
13
11
50
24
45
72
90
76
72
98
27
55
94
17
60
16
54
18
81
62
98
96
51
66
73
80
26
41
96
92
38
85
10
39
26
97
49
99
10
53
61
32
46
49
66
64
93
76
93
79
14
40
21
34
98
62
29
41
80
79
98
91
22
26
55
25
74
58
24
71
38
51
28
10
85
55
67
52
66
66
83
37
66
13
32
28
36
28
79
41
59
82
39
73
30
46
37
96
80
26
47
74
76
86
65
76
57
99
92
26
37
57
92
64
31
36
34
96
14
97
35
45
59
35
18
38
78
18
94
88
58
23
87
41
71
92
38
85
61
50
78
84
42
31
23
92
39
69
21
53
90
60
80
36
87
22
87
55
25
45
82
97
22
30
73
56
81
36
17
50
13
12
28
52
20
45
51
10
21
50
66
38
69
47
90
13
43
24
31
37
10
64
73
23
60
80
71
49
15
13
14
27
56
39
77
17
95
33
60
25
95
37
52
39
18
47
18
74
74
52
67
57
72
61
10
83
37
34
35
19
75
71
16
63
14
13
52
21
49
18
43
80
37
38
36
58
76
78
88
91
57
93
70
19
51
62
84
81
65
70
57
40
94
57
61
41
68
80
89
72
56
13
21
60
32
58
31
57
25
25
10
39
56
93
29
66
96
79
68
23
77
95
16
21
88
83
96
63
74
45
16
44
89
26
48
42
59
15
13
43
