# 16019065	Labib Muhammad Majdi
73
98
77
20
44
89
64
81
28
42
18
75
87
20
88
82
83
89
45
82
39
50
30
95
87
32
56
86
80
85
77
57
56
14
98
54
21
33
71
62
44
68
77
57
48
53
26
91
75
60
34
97
71
77
44
12
97
13
53
88
88
79
14
68
95
56
42
15
24
43
18
89
59
71
21
60
35
22
32
55
74
84
25
34
47
83
19
90
78
65
21
51
62
13
26
15
80
15
26
17
83
73
54
69
51
64
25
64
77
96
60
20
94
24
76
23
78
44
48
50
50
56
98
80
84
71
59
41
51
66
69
27
41
96
25
39
46
43
42
68
46
80
98
51
20
58
77
62
67
15
64
41
28
47
21
91
97
42
91
73
94
54
28
84
99
83
65
89
88
99
69
54
11
73
39
98
35
13
59
30
52
88
76
38
62
30
29
31
67
23
88
39
95
37
43
31
64
40
63
19
46
30
29
92
16
73
69
92
43
40
46
10
59
50
98
80
20
66
52
40
23
93
43
89
32
63
90
52
75
63
29
29
98
11
40
22
94
99
88
51
16
20
37
37
56
52
86
90
43
47
96
89
32
42
93
50
88
57
62
49
56
23
72
15
42
42
58
96
85
84
99
24
40
12
51
78
76
82
20
84
71
62
21
33
19
44
25
30
48
67
62
35
58
73
71
65
95
38
14
73
35
59
83
75
68
29
60
78
92
64
34
59
74
21
33
28
35
95
37
41
60
39
74
47
36
55
12
66
76
90
41
56
89
43
61
11
14
96
35
86
54
14
74
22
13
87
56
99
30
96
25
91
87
52
50
76
21
93
86
44
77
28
65
48
23
15
65
27
12
87
72
70
92
30
68
74
69
13
10
62
74
22
42
41
17
92
60
54
19
30
83
94
40
12
66
39
11
71
21
45
37
79
49
22
23
60
40
71
89
97
10
97
40
38
23
90
27
59
99
12
36
98
41
49
28
88
36
96
10
56
96
53
86
88
95
40
94
53
62
14
66
82
91
51
56
55
63
94
28
78
52
59
88
66
85
85
94
80
79
71
72
10
97
50
57
56
32
17
59
99
90
20
71
48
80
85
40
71
58
84
88
63
82
49
45
17
46
55
27
64
90
61
91
17
88
29
46
74
21
21
81
18
16
15
20
21
39
98
90
41
43
53
80
16
97
68
40
83
72
89
71
94
16
31
23
41
17
85
69
37
64
14
12
68
60
43
70
67
87
22
67
86
33
92
44
69
51
93
51
96
78
77
57
19
96
10
26
23
74
90
33
80
33
62
39
94
61
74
95
36
54
96
92
16
80
67
79
22
94
36
85
61
75
49
99
51
32
78
10
84
22
94
29
95
44
42
82
60
63
80
32
61
83
83
96
86
82
28
62
44
75
48
11
51
47
86
98
37
83
45
24
50
71
56
93
20
14
62
79
83
99
17
38
64
86
90
46
67
64
49
66
90
69
69
44
90
47
94
85
24
62
48
74
68
49
18
79
67
84
31
59
55
98
54
99
24
40
90
11
69
31
67
14
99
90
36
92
73
32
80
29
58
32
47
43
28
28
10
51
19
95
89
99
32
31
50
97
66
67
39
49
86
60
87
30
84
67
13
32
92
48
66
35
60
58
81
73
80
41
10
90
39
76
25
86
45
50
71
18
86
67
47
19
11
28
97
43
93
83
12
30
25
59
94
78
50
43
68
79
63
90
62
62
23
87
91
18
72
46
95
65
60
53
99
69
63
64
94
28
99
84
77
88
42
10
83
32
74
14
30
34
83
11
49
24
13
30
22
95
75
16
33
55
46
33
55
94
77
42
38
90
92
34
63
41
23
84
96
75
43
97
50
79
86
49
43
40
75
33
42
11
72
25
20
48
15
52
66
19
16
65
37
39
36
53
15
62
41
58
28
14
52
74
28
41
16
19
23
89
52
17
10
73
60
49
59
13
88
31
39
76
38
88
30
77
50
90
26
14
46
29
74
94
17
48
93
22
52
27
56
32
36
84
85
95
79
41
57
55
49
22
71
56
88
33
60
77
70
47
35
40
81
85
64
10
50
63
29
81
28
10
30
39
21
98
17
23
90
64
30
36
48
68
21
45
90
32
49
12
96
47
67
13
61
74
31
70
67
56
40
80
18
34
49
59
49
67
74
16
41
49
71
74
98
61
53
89
67
38
55
16
48
98
28
63
89
64
47
78
22
52
75
88
69
20
30
67
46
15
11
56
71
13
89
46
68
10
21
17
36
25
35
14
19
65
97
93
77
88
21
