# 16019400	Richie Alexander
35
37
47
68
27
12
26
52
60
37
76
54
54
63
95
18
26
53
18
49
20
61
14
51
72
62
35
59
56
66
54
22
53
25
31
35
51
79
56
44
28
86
21
63
98
78
83
43
17
43
72
30
65
62
14
90
68
16
95
43
62
77
85
36
34
10
57
25
39
77
13
33
19
36
20
40
53
96
66
18
47
99
24
48
54
12
10
43
80
60
87
33
65
76
22
23
47
48
90
83
50
60
17
16
83
84
21
68
84
36
29
27
93
35
84
89
89
25
81
52
71
68
47
18
75
21
15
26
23
72
57
20
61
17
95
40
85
61
72
45
94
77
31
72
28
83
84
20
38
98
20
44
54
66
58
70
86
17
17
83
37
88
66
37
38
78
69
90
10
22
98
63
15
90
83
72
60
10
52
77
39
13
11
19
30
74
55
20
15
25
98
60
99
64
97
29
27
99
85
16
40
31
44
77
32
81
98
51
26
98
57
59
12
79
80
10
73
12
85
88
63
55
66
59
78
20
62
12
57
99
11
33
51
39
52
13
88
35
74
23
46
67
39
77
40
23
20
92
80
10
90
30
90
15
43
47
37
86
64
48
17
71
98
45
12
93
68
39
83
28
40
55
66
13
28
97
70
33
19
53
72
73
91
94
97
30
33
72
91
81
57
31
75
10
22
94
16
99
25
46
39
77
67
51
48
40
63
54
68
91
59
53
38
15
72
20
39
18
75
81
58
33
84
98
77
43
47
34
18
12
50
60
64
86
63
88
32
37
85
72
77
65
98
67
17
46
46
32
65
50
74
96
75
15
76
46
76
99
46
41
20
95
12
29
63
27
17
75
60
18
78
49
25
26
13
44
28
11
93
46
68
18
71
23
65
72
70
59
67
98
77
39
84
16
51
82
46
80
38
72
83
91
74
83
83
33
35
26
92
46
41
85
47
93
72
77
10
74
45
21
61
71
94
13
40
71
85
14
91
84
91
42
33
51
87
41
55
22
53
26
97
21
56
16
29
98
90
43
32
98
78
17
69
40
22
38
63
67
53
87
27
23
16
39
78
11
10
20
25
31
95
99
25
78
44
12
26
48
25
24
52
62
23
98
66
94
91
66
49
31
94
88
76
30
62
87
53
52
11
48
21
51
35
34
55
26
27
99
72
93
18
10
78
71
73
20
36
27
49
69
44
18
29
59
18
93
14
22
51
48
66
89
73
49
51
58
21
74
95
86
79
10
96
86
22
93
46
60
85
27
78
89
79
68
65
98
75
32
96
91
93
53
13
83
63
33
96
93
22
30
62
57
17
57
28
58
86
48
39
19
86
80
64
36
63
37
44
34
66
92
48
44
96
51
76
14
59
14
47
48
37
37
55
73
91
78
90
95
46
34
12
58
88
79
50
22
24
86
77
32
41
46
37
30
30
24
30
97
93
23
51
54
40
53
78
88
80
58
88
29
22
58
43
78
84
34
21
79
86
16
40
25
64
69
89
26
96
81
72
47
24
84
85
59
96
90
38
42
30
73
13
61
26
55
42
66
49
72
27
11
96
66
32
70
71
50
27
91
87
11
67
58
98
90
19
99
39
57
10
20
88
71
12
80
73
66
20
68
13
64
37
32
70
97
58
62
17
25
18
62
34
90
58
13
25
54
69
86
33
57
23
80
50
44
45
79
42
73
76
52
56
30
56
91
77
10
73
18
99
14
91
27
43
93
63
40
52
74
23
29
28
93
13
20
21
34
14
49
49
89
37
23
71
55
57
81
64
64
85
26
18
63
69
42
78
62
48
75
93
16
95
75
56
75
35
31
16
50
66
53
72
15
61
94
72
34
52
24
20
57
51
40
59
68
32
55
61
23
64
76
69
27
56
27
68
54
52
70
39
21
78
34
74
82
73
83
46
51
21
87
44
51
20
71
50
15
14
62
22
45
48
47
73
20
88
90
12
52
52
32
18
86
59
42
85
22
80
60
73
96
92
64
95
31
56
25
81
39
18
16
58
14
19
24
53
85
94
16
59
47
58
89
35
93
39
80
27
19
17
57
59
45
70
95
91
34
89
30
48
84
19
58
92
32
96
36
56
54
16
72
54
81
55
74
96
36
74
45
43
84
98
76
10
98
70
40
75
99
62
71
13
11
17
96
65
44
59
16
50
32
46
43
10
61
46
86
12
65
27
85
22
82
95
18
52
17
35
28
67
10
28
25
22
27
71
80
15
89
65
39
94
36
65
70
67
34
70
52
14
48
56
15
40
36
67
73
90
73
88
24
