# 16019225	Muhammad Ervandy Rachmat
12
87
68
78
24
95
63
36
70
71
18
89
36
93
37
46
26
47
15
60
95
64
74
16
45
50
99
67
95
28
87
41
76
52
46
94
42
18
93
30
68
27
53
23
86
68
71
18
34
46
33
90
49
62
78
41
33
88
72
74
32
12
13
61
43
31
41
31
61
65
11
93
53
57
18
58
90
49
19
18
61
30
97
52
87
79
44
86
47
23
39
42
83
61
63
91
80
46
98
61
68
66
32
83
38
43
57
30
75
71
74
38
86
22
53
84
15
21
10
54
55
44
69
75
62
70
24
35
21
28
93
40
43
55
67
67
65
96
12
97
33
93
31
49
57
13
99
92
44
19
68
87
26
55
72
64
94
39
43
60
93
24
67
50
60
72
63
83
61
10
69
61
95
76
85
62
83
15
57
70
55
37
80
79
32
51
63
53
57
65
47
95
72
20
72
52
40
55
56
64
30
90
93
71
72
79
65
28
23
52
69
39
72
90
17
12
97
51
36
58
39
18
18
68
25
53
12
58
86
16
16
10
48
46
66
85
84
63
71
61
34
20
74
82
72
21
89
33
82
84
22
85
65
87
90
78
54
82
57
53
69
65
71
39
74
91
90
90
74
67
88
65
22
36
67
69
77
26
81
21
72
46
65
96
24
74
54
69
45
38
77
83
75
88
66
33
35
40
12
92
68
29
83
19
98
87
79
92
82
85
67
94
80
73
54
87
21
49
24
66
28
60
22
44
25
52
97
63
15
34
65
38
34
77
59
67
47
71
57
46
61
90
52
21
10
71
99
67
83
65
96
49
76
97
17
86
18
60
25
39
32
22
79
24
48
38
69
18
19
82
77
74
62
94
19
19
15
59
21
94
46
81
94
95
71
20
61
83
98
64
49
32
10
34
10
51
37
10
77
53
76
29
73
68
30
60
32
28
50
33
52
10
83
39
46
54
69
16
12
37
49
81
29
41
59
55
51
76
66
41
87
31
95
73
83
10
93
96
87
54
96
80
46
60
54
13
31
31
94
86
27
75
26
76
51
93
92
45
69
76
90
55
81
38
15
60
91
17
49
77
78
16
18
25
49
71
23
40
95
91
54
40
65
93
14
99
40
96
10
33
41
41
26
66
87
20
88
24
72
33
97
62
93
20
79
73
97
12
86
29
39
14
14
71
49
61
32
34
12
75
21
79
67
64
82
83
71
80
80
25
19
61
77
79
89
62
32
79
96
39
55
24
47
66
33
63
12
36
71
39
72
74
97
23
61
83
48
70
63
59
14
61
38
52
82
78
27
54
75
39
45
32
61
42
74
27
31
52
43
31
53
56
17
49
69
80
96
25
72
33
24
65
10
82
42
12
49
38
89
96
29
88
97
86
99
34
22
61
95
44
65
37
74
33
35
55
61
54
30
70
46
92
33
86
47
18
91
11
68
71
46
27
37
25
36
82
15
21
66
37
36
27
84
59
16
29
39
87
82
23
36
89
65
68
10
11
34
82
44
88
20
62
16
86
86
58
60
39
26
88
95
48
79
12
37
22
99
27
32
90
63
93
36
81
13
39
31
88
52
66
35
40
83
72
82
77
18
15
28
55
56
86
34
90
41
86
93
56
47
97
34
10
51
15
43
85
23
73
50
99
85
72
38
33
47
52
51
74
84
71
46
11
57
47
93
30
85
41
24
16
39
61
83
86
71
40
66
74
23
76
31
39
69
58
25
57
34
18
49
86
31
74
13
86
51
37
17
96
45
37
91
46
70
47
20
42
25
25
99
86
41
18
55
56
19
46
49
92
72
57
98
80
85
62
40
11
68
55
73
51
76
31
61
63
57
61
21
42
12
91
25
19
74
16
71
77
69
95
55
73
76
96
55
85
39
85
52
80
59
21
72
49
74
15
35
25
35
31
24
97
95
33
24
11
46
29
36
33
24
61
52
70
80
25
58
34
71
14
76
17
76
28
79
96
26
28
66
36
72
66
99
63
54
68
78
35
74
39
27
31
43
14
10
16
86
50
48
98
14
33
92
47
68
46
61
56
44
55
54
42
87
33
99
56
64
45
86
63
38
78
81
87
96
20
85
96
68
47
25
64
46
38
91
14
80
27
50
62
16
95
17
79
26
27
39
26
68
46
94
61
56
94
85
89
12
24
16
52
42
71
75
63
86
52
27
26
76
43
21
94
37
36
13
23
88
46
53
51
28
35
23
42
53
95
17
11
62
56
41
10
90
22
47
79
84
48
23
26
93
75
12
85
66
77
97
15
22
80
91
79
