# 16019360	Erico Nataniel Basuki
37
67
81
92
24
87
82
77
15
88
57
81
69
59
43
14
74
27
26
71
15
65
89
64
95
65
58
12
37
12
14
66
85
36
47
68
33
74
41
22
90
49
81
98
39
38
30
43
39
15
26
21
14
38
22
25
74
27
18
51
56
19
10
78
72
41
86
92
84
96
53
65
25
37
45
36
10
26
86
77
38
39
50
37
19
74
34
51
27
68
32
52
12
84
59
64
83
92
88
70
66
38
48
14
39
42
32
94
16
81
31
69
57
48
85
21
95
54
54
83
14
88
25
10
27
96
57
79
36
33
88
87
28
19
14
85
11
46
20
43
99
43
96
67
27
89
21
70
10
67
67
97
58
70
60
11
90
29
77
30
39
10
42
88
36
82
13
79
86
81
97
86
63
54
89
58
54
31
61
65
38
84
97
24
54
69
44
12
96
47
67
20
67
35
66
22
41
20
28
71
19
79
92
11
15
90
96
18
73
60
40
30
66
40
78
28
81
62
56
94
65
44
47
45
35
22
88
31
21
80
65
82
53
27
79
99
25
61
33
15
75
52
64
98
45
83
55
68
26
73
37
19
38
23
54
65
49
53
12
32
22
17
23
74
29
32
43
23
40
53
98
13
52
23
79
31
73
83
55
80
21
32
33
31
69
93
83
70
36
13
51
86
56
99
49
98
36
91
86
26
82
70
66
17
23
32
12
13
97
49
41
84
87
63
84
28
41
18
45
20
95
45
47
82
73
50
41
52
86
95
30
24
23
80
50
84
72
58
29
19
63
69
28
86
79
20
10
69
10
98
15
70
63
21
99
25
73
46
78
81
73
35
90
72
60
92
35
37
66
87
38
30
36
39
68
34
53
71
39
86
33
59
65
63
74
76
60
78
67
49
95
68
81
68
39
37
84
17
57
93
51
77
64
12
61
24
66
92
84
35
59
99
65
47
51
99
53
27
20
89
24
38
53
15
23
28
68
20
48
43
52
93
52
34
45
47
90
77
92
80
64
43
79
23
74
13
77
96
12
22
99
36
50
68
66
61
91
52
82
69
79
98
13
73
85
82
74
45
49
47
79
88
38
32
94
79
71
74
69
50
79
85
17
52
29
32
78
84
95
18
71
18
81
45
26
85
43
58
37
36
61
24
20
19
19
19
50
79
66
72
37
79
83
40
16
82
82
55
65
10
81
84
14
15
37
93
92
71
18
61
51
17
22
34
60
79
29
91
75
59
44
37
94
56
30
82
38
51
10
50
80
74
32
17
61
60
26
47
46
78
62
34
90
13
36
44
46
73
85
66
21
88
62
50
14
82
26
27
76
91
35
95
69
42
87
64
56
35
76
27
33
69
28
46
45
47
55
65
73
56
66
46
49
76
40
94
26
72
22
65
56
38
53
62
59
38
93
64
45
14
94
13
66
45
52
92
57
52
51
26
59
89
77
62
60
14
15
11
82
27
63
71
18
16
73
97
55
56
36
22
33
98
38
25
71
60
62
59
17
44
61
42
78
91
39
27
25
63
85
60
92
91
20
47
31
87
53
53
13
93
64
83
85
26
89
86
35
41
18
67
14
26
74
48
93
71
53
95
76
67
16
83
19
58
74
93
33
33
20
33
16
56
94
42
31
32
41
19
54
56
77
69
78
13
40
42
12
32
38
74
19
41
10
87
25
60
37
71
38
10
21
84
90
60
89
51
75
47
14
72
97
32
79
27
38
68
34
62
68
13
14
27
22
93
61
97
61
57
48
38
92
50
49
25
56
48
74
97
55
99
49
71
26
39
24
17
69
95
83
29
57
73
22
28
82
99
60
84
63
68
94
48
34
11
77
28
71
29
29
68
42
19
20
64
50
90
62
98
77
28
13
17
17
10
60
13
92
63
58
82
37
65
35
51
12
44
45
85
91
51
52
94
36
91
12
72
64
68
77
74
66
91
84
19
12
48
69
19
90
75
13
42
66
83
10
99
99
46
11
86
25
20
51
20
13
73
72
52
84
17
14
84
41
77
53
43
95
47
18
17
17
10
75
99
14
16
71
90
84
69
70
39
65
84
71
91
99
70
74
13
97
64
70
69
42
84
77
20
54
29
20
31
58
52
89
49
12
84
37
41
10
18
25
13
42
23
55
88
24
39
87
50
74
35
31
66
71
15
14
19
26
73
60
75
45
78
54
72
11
80
62
99
18
84
27
94
29
61
97
48
25
66
87
10
95
12
10
99
86
17
29
11
44
23
82
44
11
70
38
47
77
62
94
28
96
85
58
33
52
97
