# 16019265	Rafi Prayoga Dhenanta
34
11
72
80
64
30
13
18
97
14
63
13
79
39
10
22
98
29
69
22
20
77
44
68
34
33
24
38
36
40
78
22
49
68
31
12
16
82
50
52
79
62
19
16
92
91
15
86
35
92
32
93
84
65
13
94
23
60
27
80
28
30
28
65
42
75
19
32
41
61
32
36
14
36
14
93
49
76
71
80
65
42
94
32
82
73
20
62
85
11
66
81
49
41
27
22
98
77
69
80
91
80
17
29
18
11
72
24
61
94
24
80
77
88
97
81
31
36
86
54
48
95
28
53
12
23
42
50
69
42
41
87
27
68
45
75
63
81
51
87
48
58
67
88
29
66
78
26
48
43
99
89
59
51
35
31
81
41
40
49
60
17
47
74
80
83
26
89
75
59
32
83
84
80
13
27
80
61
41
63
69
49
56
63
77
61
75
32
67
96
34
39
22
20
14
58
42
28
31
38
72
69
77
12
94
14
37
43
49
78
92
89
92
33
84
66
22
10
42
26
48
99
15
42
71
77
90
51
50
17
11
67
50
72
42
73
69
96
68
60
90
84
80
19
51
14
39
43
47
49
47
86
42
74
43
83
21
94
70
14
10
58
98
32
23
28
35
15
53
44
22
13
29
61
39
39
32
87
63
37
80
68
31
99
44
18
44
78
32
92
45
67
88
60
76
86
33
17
95
23
21
82
44
87
15
25
84
71
83
10
50
80
56
23
39
84
71
13
26
34
38
24
23
47
95
57
35
54
40
13
68
32
49
29
91
29
12
15
73
80
32
53
28
20
77
75
64
18
35
19
90
61
61
91
61
32
74
81
70
57
15
26
71
52
83
61
60
91
19
90
17
89
74
46
48
12
52
47
96
55
53
97
97
66
69
78
23
11
93
12
42
93
59
23
54
52
10
26
49
11
65
39
71
84
36
50
89
82
17
70
65
17
73
11
18
29
80
71
65
25
22
40
31
53
52
45
58
10
97
61
76
45
61
89
16
88
71
79
72
27
28
89
95
64
57
94
19
40
20
78
48
46
49
80
24
68
90
77
19
19
29
95
95
62
59
39
81
36
23
94
64
21
99
93
94
57
59
19
53
78
49
45
43
59
29
44
11
95
17
57
73
49
66
28
53
68
84
45
88
58
83
72
40
80
57
95
56
85
82
67
33
18
32
67
27
41
10
70
54
15
32
45
46
55
51
41
27
78
34
96
72
53
15
71
25
70
30
61
84
35
78
21
91
44
47
13
46
64
92
66
20
25
34
36
47
69
30
62
52
25
13
17
73
86
95
43
65
37
33
89
64
78
79
36
15
93
27
55
35
20
55
45
37
78
42
28
59
62
40
53
95
23
98
17
46
96
68
17
15
81
98
31
93
99
17
90
19
14
44
32
30
17
26
40
93
32
19
44
60
96
98
95
48
98
21
44
61
21
39
11
61
99
56
52
97
44
15
49
82
93
57
36
46
40
89
20
33
81
66
50
13
32
71
16
13
91
18
94
44
94
19
63
28
23
14
90
83
61
12
76
76
31
30
45
70
81
65
94
98
12
55
29
62
71
91
61
56
75
29
89
68
71
29
83
19
15
84
42
14
48
85
52
80
49
70
98
82
52
29
89
14
34
75
87
66
37
29
56
77
50
54
97
26
47
65
25
33
72
22
69
73
85
69
45
30
14
30
36
65
56
87
72
47
25
17
80
93
20
86
88
44
58
26
58
37
56
21
68
81
72
96
49
30
81
50
81
26
42
36
91
63
31
89
33
65
50
29
30
61
11
92
40
66
14
93
34
86
74
42
51
90
82
94
29
80
73
25
89
92
16
70
25
54
73
57
38
47
39
54
71
92
91
95
35
67
88
87
82
32
27
95
44
17
82
98
16
56
77
83
25
19
72
42
88
44
89
79
91
42
39
86
97
57
23
73
81
56
48
16
26
17
35
32
24
14
19
39
28
61
66
71
74
63
64
30
94
99
67
87
92
48
89
96
86
75
18
94
29
21
13
15
35
94
94
33
16
23
16
28
81
92
57
73
38
33
28
86
39
48
81
35
74
25
47
25
33
92
23
94
77
47
32
69
46
54
31
83
14
26
59
86
79
61
69
10
36
96
66
68
20
56
17
46
51
27
56
89
48
29
19
89
96
27
93
21
83
89
33
91
49
69
56
12
23
59
44
70
78
71
32
22
73
29
71
65
37
73
55
23
18
78
50
44
55
56
74
49
41
19
69
93
53
94
34
58
85
38
79
48
45
36
50
98
23
81
31
55
69
81
19
