# 16019280	Khalisha Rhea Amalia
47
35
12
37
74
42
53
82
85
64
97
14
78
16
45
80
58
65
70
84
71
31
67
53
43
41
98
50
10
21
20
47
67
73
98
37
26
70
64
34
76
73
27
39
36
76
24
71
69
97
93
62
84
75
33
84
17
25
38
23
10
13
19
24
52
29
21
50
29
28
21
45
15
54
55
53
97
73
22
46
60
95
19
11
71
22
70
31
76
89
70
12
85
44
92
63
51
39
10
44
54
99
45
10
32
11
79
66
51
36
29
45
55
94
89
79
33
61
73
56
21
56
67
44
34
48
80
97
93
62
71
46
51
91
40
39
47
61
80
50
92
51
23
80
23
63
31
16
26
30
26
20
27
15
61
20
80
29
72
73
68
10
26
27
93
77
42
52
24
48
24
80
43
19
39
60
84
28
51
86
33
45
92
46
99
26
37
79
25
53
51
88
14
59
67
66
87
31
37
68
33
92
29
28
74
12
91
95
51
52
21
59
95
88
32
51
90
28
90
22
95
23
57
77
83
48
83
18
39
42
68
82
64
35
23
56
66
79
75
59
58
73
48
43
81
32
90
40
43
70
87
63
55
82
58
32
88
94
51
71
16
53
21
81
93
56
70
40
77
48
57
82
53
97
60
35
51
93
92
16
91
69
45
80
52
30
53
21
56
19
82
97
28
42
57
85
60
46
80
10
28
81
52
72
52
34
77
16
76
61
32
11
71
66
88
16
95
76
18
19
32
10
33
33
58
55
70
55
18
18
37
55
81
28
90
78
21
49
27
14
73
31
17
29
76
29
17
33
83
17
74
52
76
36
43
53
34
47
84
26
22
44
27
82
19
70
17
80
57
68
11
39
29
93
56
18
92
97
87
83
17
45
96
37
75
52
79
71
27
28
60
52
74
34
22
81
46
31
79
46
97
40
37
26
44
56
23
67
35
39
64
69
93
31
78
51
73
14
88
33
21
74
71
53
75
58
72
39
72
89
16
47
58
41
40
66
35
43
36
92
38
51
95
41
50
75
89
61
88
87
76
32
56
46
61
34
95
26
74
12
30
97
18
44
96
92
44
40
56
41
69
11
89
87
77
93
72
80
22
87
40
25
80
67
15
25
55
50
59
44
35
39
18
74
89
26
91
31
49
16
70
33
88
86
18
10
83
71
17
91
86
93
75
17
65
94
92
28
88
28
83
23
38
88
34
74
19
82
67
86
21
27
83
63
78
67
92
48
60
11
91
87
34
20
94
42
69
98
33
51
83
77
99
99
17
84
59
20
53
19
45
78
61
10
51
69
84
21
68
37
29
35
23
63
34
32
40
29
84
33
18
80
87
66
70
13
77
27
65
42
69
34
66
59
57
42
86
34
42
68
16
42
43
56
23
60
77
29
58
25
22
67
98
28
87
82
11
14
22
17
78
88
25
73
15
55
28
32
40
93
72
99
28
78
78
47
65
58
79
14
26
88
29
81
96
53
93
61
45
80
46
74
46
62
49
99
44
55
66
30
72
96
54
24
81
68
76
47
43
25
87
16
10
38
37
56
10
90
66
35
13
54
53
16
20
46
60
21
96
53
37
60
58
54
90
93
22
12
14
41
22
26
81
15
95
96
71
88
52
12
93
42
71
90
66
79
34
18
51
77
61
34
30
55
68
99
33
24
40
61
53
75
52
14
98
85
89
71
79
55
93
69
10
24
44
98
45
67
92
42
46
20
23
97
49
57
55
74
33
26
19
51
23
11
37
97
89
40
38
96
31
43
28
48
75
72
36
10
84
19
48
54
22
45
90
51
57
27
55
68
61
88
54
22
70
87
45
22
17
85
99
68
68
82
56
39
93
20
39
12
88
52
25
34
64
61
90
27
17
54
66
14
46
38
13
33
80
69
17
19
21
39
61
50
66
46
15
77
64
62
32
75
67
80
13
73
39
94
82
30
99
52
37
48
47
87
10
68
84
15
69
72
60
83
20
27
35
98
43
15
88
19
99
65
54
62
34
18
30
84
67
89
89
83
58
59
97
15
97
49
25
82
39
45
95
98
50
98
90
50
31
69
98
43
25
21
83
94
97
97
24
34
49
49
72
46
91
30
47
45
19
97
58
20
50
46
36
95
50
51
43
24
45
38
11
70
51
96
64
60
50
97
51
15
12
93
34
49
25
50
10
23
99
38
10
72
95
96
92
54
50
55
54
89
48
26
49
50
32
62
72
77
69
21
20
42
96
87
64
69
12
50
83
84
88
11
24
14
91
91
54
46
60
54
79
79
42
67
37
21
