# 16019035	Tasya Amalia Fitranty Almira
49
50
58
80
55
37
45
86
32
19
56
67
87
54
64
72
54
55
40
38
11
78
52
10
33
42
39
27
69
77
94
22
70
93
81
52
85
53
94
21
89
80
22
14
21
19
43
87
35
34
89
76
22
40
44
92
72
84
20
94
76
99
74
14
62
81
48
16
85
65
24
12
11
93
80
76
28
12
60
62
73
42
31
35
18
66
48
86
29
38
24
38
27
44
14
29
29
95
47
95
60
35
13
27
63
36
81
65
22
10
30
29
21
74
25
69
13
32
80
14
87
10
18
76
71
21
67
74
50
14
24
79
55
58
46
23
87
83
81
98
88
77
81
32
29
92
83
77
18
42
23
39
23
69
19
34
91
14
84
87
86
15
64
57
51
74
24
24
28
15
17
15
47
39
46
14
91
62
14
51
41
84
25
33
54
34
56
64
68
53
82
93
13
85
50
14
27
57
21
97
12
92
27
60
63
64
90
15
76
21
59
79
25
30
37
12
94
27
76
71
40
58
38
96
69
71
33
59
81
17
33
40
36
82
19
51
55
99
41
42
55
11
27
48
57
72
64
28
96
15
90
71
36
61
47
91
89
10
76
47
18
74
93
67
28
47
24
75
19
45
49
44
95
33
92
67
38
11
51
63
36
55
21
57
70
38
83
90
43
36
30
76
88
91
87
58
67
86
49
24
28
63
95
78
35
55
10
27
12
61
24
71
98
79
79
25
61
90
33
25
96
23
54
73
78
70
84
98
78
53
50
25
75
35
18
37
20
61
94
86
11
57
70
77
39
23
87
83
40
18
20
61
84
14
55
65
18
62
48
17
34
44
63
32
28
81
72
22
81
26
94
50
89
10
78
55
25
53
49
73
51
36
29
78
13
31
51
94
47
21
73
12
25
49
39
65
62
57
81
49
59
50
35
35
18
83
50
97
25
14
83
42
50
88
86
94
25
78
86
20
93
46
81
73
78
61
90
21
40
76
68
79
11
49
12
98
16
88
78
99
49
33
17
47
17
88
91
13
15
11
94
14
52
44
52
31
32
32
74
31
91
48
98
39
50
24
33
94
55
27
60
24
91
80
81
84
52
31
70
94
93
76
58
51
56
12
44
47
60
67
50
27
35
79
58
61
16
37
32
15
43
53
72
90
28
86
20
87
91
56
80
43
59
38
76
90
55
45
16
36
62
67
92
87
60
43
90
45
32
66
19
47
70
27
62
45
98
55
13
46
91
83
24
58
90
59
89
76
51
35
69
90
96
18
92
26
28
61
88
15
42
25
52
59
41
22
73
24
28
28
89
27
21
41
22
37
74
30
52
97
12
73
55
64
52
90
33
97
37
62
14
29
27
10
21
42
19
67
36
58
19
70
42
26
30
17
90
17
98
75
97
56
12
58
98
11
32
12
73
91
44
10
11
46
95
66
89
53
54
95
28
77
81
61
98
93
96
37
32
46
12
22
18
49
97
84
62
14
62
61
81
90
17
58
99
61
43
59
77
77
15
47
51
21
31
65
67
13
94
96
35
64
38
67
43
56
49
23
67
41
96
46
60
54
66
86
27
24
91
15
19
59
63
97
57
70
52
64
93
37
60
60
25
29
68
55
86
54
46
54
90
63
83
43
61
89
78
26
84
78
97
18
21
64
67
15
95
39
30
30
92
40
54
94
60
84
35
62
90
79
66
85
95
11
33
84
78
23
21
31
51
60
31
41
13
42
60
73
35
56
84
97
96
78
71
29
31
75
44
29
13
79
22
91
71
75
42
16
18
69
73
54
34
58
23
75
99
68
85
20
82
82
23
27
60
38
60
70
50
51
32
17
99
31
94
62
18
44
11
57
77
84
29
41
49
15
38
46
66
43
74
60
69
77
55
69
16
97
78
12
30
58
67
51
56
39
38
47
36
37
14
18
48
36
15
41
60
74
26
86
44
35
92
68
51
89
49
99
45
67
82
96
52
76
67
67
23
56
38
67
84
84
44
28
83
79
22
23
68
95
84
57
94
63
62
45
82
98
11
23
96
67
73
98
92
85
31
40
78
95
78
95
55
39
85
98
48
29
80
69
18
52
30
88
15
94
62
33
93
79
92
91
60
11
82
82
72
36
59
45
89
10
27
52
37
70
78
15
95
86
70
28
79
39
72
74
86
74
94
65
44
27
81
44
96
95
13
23
17
83
97
74
62
13
65
42
89
43
82
90
48
87
20
35
90
87
89
40
97
76
21
36
97
48
51
87
96
13
64
80
49
15
14
46
73
32
51
86
42
39
