# 16019040	Tasya Nadzmus Soraya
39
79
38
18
56
73
12
57
12
84
19
92
14
78
33
77
59
67
63
64
46
14
99
59
19
30
27
70
49
97
12
40
66
76
34
80
65
24
11
16
37
37
24
26
19
44
26
13
71
29
74
37
34
12
47
88
62
82
23
79
72
91
21
22
85
26
17
56
80
88
79
75
74
96
75
28
88
12
35
91
89
67
66
43
35
67
87
50
25
94
97
87
74
62
69
43
51
99
97
58
45
39
12
88
19
10
49
57
20
97
36
46
77
81
49
16
63
83
35
67
27
87
52
18
50
50
72
85
27
99
64
76
26
13
71
14
12
90
14
66
11
15
27
79
16
49
75
40
59
31
95
23
50
82
52
95
75
43
22
45
25
53
53
54
89
45
89
34
72
89
52
83
56
85
95
46
81
45
42
83
11
79
20
28
62
47
83
25
75
83
12
66
62
73
20
79
23
57
90
46
72
18
73
76
89
97
11
73
91
74
22
25
67
28
31
16
25
22
70
48
74
49
28
90
63
49
31
49
99
68
66
46
71
15
62
12
82
34
97
25
15
32
59
94
66
25
91
56
23
27
56
65
83
30
49
69
95
99
64
45
93
84
97
58
48
71
85
11
23
42
68
68
52
84
57
33
49
45
73
75
99
62
92
28
20
42
18
35
32
60
87
56
19
33
98
77
62
22
15
25
94
93
33
12
74
84
52
26
11
34
97
76
92
13
10
10
84
43
32
35
62
46
69
22
84
58
92
87
25
40
43
11
29
81
87
33
44
37
30
22
54
38
24
17
61
73
12
32
12
96
84
15
62
39
75
82
22
87
12
16
18
53
40
76
21
74
94
63
97
90
82
67
51
57
77
65
69
64
78
84
91
98
43
11
14
77
43
39
78
98
31
26
74
55
24
63
80
53
27
75
29
83
38
37
13
11
95
30
92
65
46
18
88
31
63
72
36
63
28
41
18
73
31
18
90
37
94
54
84
94
86
48
22
77
78
79
77
44
47
32
91
66
73
89
74
44
54
42
25
45
35
21
34
88
72
66
74
23
52
72
16
31
36
31
83
65
29
99
67
93
86
54
70
68
51
21
15
66
44
34
38
18
10
89
87
78
98
73
97
66
84
95
88
76
37
23
82
70
47
99
11
53
94
85
36
92
41
40
68
89
97
74
20
50
60
88
18
65
73
49
31
87
50
74
85
86
67
69
84
16
98
39
57
42
33
37
73
86
64
64
82
85
97
91
56
89
51
24
28
36
89
53
82
41
33
18
23
54
55
26
21
83
90
86
14
88
13
18
37
33
41
93
71
31
53
38
24
97
50
41
49
81
43
41
48
15
44
74
90
18
83
37
50
20
61
90
69
11
47
37
63
77
44
87
76
65
56
73
32
83
17
88
22
84
45
57
87
63
66
61
50
99
93
92
16
77
33
54
17
62
31
22
34
45
10
52
62
69
71
23
47
83
42
62
67
30
72
36
12
28
30
22
77
27
96
25
77
81
70
46
30
52
58
64
91
60
49
64
95
90
80
27
57
17
49
79
68
46
41
96
85
92
97
96
88
89
51
99
46
13
35
83
90
97
39
70
66
41
96
19
56
63
97
47
78
90
89
59
44
15
29
14
34
16
45
46
55
14
66
47
36
33
60
45
37
29
58
46
12
23
67
17
23
79
28
53
51
26
37
55
34
50
93
47
98
35
45
64
28
88
32
91
33
71
60
23
99
14
49
18
72
30
19
22
56
87
87
92
17
73
46
64
84
76
59
69
59
29
41
21
14
15
93
66
45
19
56
46
54
94
30
43
92
26
79
76
90
89
26
39
70
28
79
98
31
74
73
13
97
76
71
70
38
41
93
37
40
21
74
32
73
44
10
17
54
63
25
85
69
64
51
29
44
75
83
77
71
46
18
86
32
92
74
80
66
57
95
76
59
62
25
67
40
20
12
79
21
82
90
60
25
41
86
19
76
84
82
28
55
15
11
23
32
71
84
87
34
58
40
58
65
66
76
68
85
44
43
42
15
22
20
51
29
88
86
43
63
26
92
51
48
65
51
96
29
61
81
32
46
53
80
64
69
98
33
60
29
85
87
81
59
52
89
29
75
20
89
79
52
69
69
89
33
63
71
12
85
80
90
22
54
64
48
82
17
86
53
89
39
81
12
51
38
36
50
74
74
88
33
23
28
34
64
52
98
60
55
30
31
94
43
77
57
13
62
15
59
72
70
15
99
87
37
82
44
48
82
18
95
89
35
26
50
53
56
48
10
56
47
56
