# 16019230	Luis Darmawan
40
52
64
97
41
20
53
86
15
92
42
16
35
37
65
86
96
91
43
29
52
98
37
79
76
53
99
11
89
32
58
47
65
59
85
42
89
65
11
60
53
42
52
43
61
47
70
76
33
43
10
52
29
48
15
24
57
86
42
58
18
54
86
94
65
64
96
88
10
22
52
34
72
65
81
29
85
55
68
74
92
91
90
57
16
79
48
97
27
13
15
87
11
42
76
56
75
14
91
90
51
20
99
10
67
83
45
47
58
70
69
22
69
93
93
64
64
94
35
42
26
74
99
35
43
96
99
45
77
30
69
79
66
69
74
75
86
69
91
58
40
26
93
64
12
93
78
44
45
63
35
30
81
79
44
79
49
10
38
23
60
35
38
58
51
53
40
11
67
93
65
72
32
46
82
81
89
14
34
88
82
57
77
54
46
19
28
28
83
25
90
63
97
76
86
65
69
35
14
38
43
38
74
73
18
79
54
34
75
78
87
41
29
19
22
64
93
51
91
59
53
42
31
65
40
82
47
69
51
43
22
28
11
13
86
85
89
39
43
18
75
50
70
55
81
93
62
47
57
49
12
67
63
63
86
31
30
19
33
49
12
95
91
69
15
28
84
57
40
92
74
17
92
17
93
50
93
46
75
68
77
86
73
38
25
84
96
30
42
69
87
85
51
26
70
27
38
40
99
99
33
33
92
29
20
73
46
88
59
74
27
60
78
68
22
98
54
20
67
89
67
47
53
35
95
35
52
25
15
33
64
60
85
83
57
66
37
48
75
68
32
38
83
93
12
64
83
45
93
89
75
87
85
10
43
89
59
27
81
54
58
79
19
26
25
34
36
42
38
80
37
84
80
25
56
78
19
75
19
88
87
12
42
47
76
10
58
84
21
97
14
89
38
22
64
80
24
75
98
41
44
56
71
95
13
51
77
11
17
60
51
27
81
83
66
38
89
30
68
45
43
70
41
45
44
26
36
22
17
16
24
43
95
28
68
48
18
57
23
45
42
97
52
14
64
11
86
44
91
62
68
47
28
42
39
96
19
96
84
58
77
96
93
46
86
39
27
24
68
64
17
67
79
51
73
20
44
60
35
79
39
95
32
52
32
78
32
10
64
76
30
91
96
24
65
57
76
16
33
29
82
34
81
30
66
90
95
74
13
56
62
51
32
99
74
25
86
50
76
59
91
42
42
74
12
94
23
98
12
39
61
85
55
39
30
63
29
35
42
19
64
12
63
10
17
27
28
57
28
12
41
28
98
13
50
54
34
45
55
30
29
48
67
79
16
92
13
33
20
31
95
50
89
41
73
97
43
34
52
77
64
78
54
30
41
20
89
58
84
18
63
77
52
37
54
58
36
93
57
22
91
83
92
27
99
97
46
82
84
17
48
51
30
70
35
31
51
99
38
83
52
88
37
57
70
83
68
51
10
27
53
91
85
74
72
53
56
45
91
34
31
42
24
33
42
67
18
37
68
54
77
51
54
56
16
91
12
15
91
58
28
73
98
98
75
25
40
65
63
31
66
11
69
63
22
49
54
16
12
39
15
44
66
85
77
76
90
12
66
78
52
69
64
57
81
69
90
62
12
89
44
15
78
94
97
67
85
35
90
65
56
98
96
75
92
56
51
10
86
22
56
87
68
34
62
30
19
57
74
67
57
46
29
31
84
61
21
81
27
16
26
42
17
74
29
92
77
45
13
38
88
19
42
41
97
62
64
55
82
46
92
42
61
28
83
75
21
85
28
11
30
69
89
60
88
65
22
18
41
45
27
31
65
15
82
67
63
99
73
72
72
44
16
80
31
41
28
46
25
77
29
16
75
81
39
15
78
70
56
85
46
50
44
39
76
21
44
64
67
36
92
92
65
82
77
97
39
23
65
34
14
18
80
14
90
99
69
68
66
98
87
73
27
22
21
61
27
29
79
52
89
94
31
61
96
38
87
23
49
41
55
83
68
53
14
33
23
17
65
25
43
77
98
64
95
32
36
73
72
48
24
58
96
15
13
18
20
83
43
65
64
62
32
34
25
74
92
73
16
56
84
84
50
61
31
24
25
82
56
44
66
69
94
90
80
36
97
60
85
93
90
89
17
18
68
46
78
80
52
67
83
67
38
44
54
84
23
43
58
69
21
95
38
48
10
62
18
46
39
39
49
10
65
85
15
92
47
82
99
44
29
85
81
81
46
93
30
74
71
91
25
76
52
10
72
48
59
92
20
97
89
92
83
15
75
87
13
93
98
80
93
59
81
20
60
80
94
66
35
27
