# 16019285	Muhammad Haidar Aziz
87
99
35
71
56
64
45
98
85
63
63
15
16
83
30
63
68
53
93
13
50
93
51
90
31
48
96
20
58
98
11
55
46
24
53
85
47
92
47
87
16
97
13
46
26
39
28
59
99
25
29
43
41
81
19
70
22
15
86
85
48
30
95
42
64
73
55
51
40
15
95
97
69
70
72
42
72
35
13
83
66
77
66
30
99
47
42
79
32
77
97
16
73
92
65
72
50
51
16
47
48
32
39
72
55
63
82
91
57
19
76
78
75
26
90
89
13
88
62
40
55
97
99
50
19
92
48
43
18
40
69
99
51
68
78
86
62
13
85
87
11
54
10
71
61
44
38
76
83
32
82
65
68
94
49
52
85
53
43
64
84
18
48
20
86
20
55
77
24
61
43
94
43
93
50
61
19
98
94
79
13
32
75
43
56
71
19
15
45
37
80
12
46
19
25
17
70
70
70
12
43
56
30
37
82
34
18
23
50
37
97
42
62
73
29
23
89
55
75
40
23
88
16
79
31
63
28
41
62
76
33
88
16
66
19
26
86
67
80
78
24
89
41
87
55
84
75
30
98
25
19
72
17
27
13
37
82
77
69
15
75
16
95
87
12
40
78
73
60
33
42
81
95
11
84
80
24
88
19
63
75
80
12
14
18
42
33
19
70
54
53
94
47
87
64
11
47
97
43
85
19
71
25
79
12
21
44
92
51
55
25
80
23
61
96
41
25
32
24
50
10
84
67
77
19
70
19
69
89
91
95
37
76
63
96
12
54
65
80
74
95
18
58
63
41
18
88
62
66
27
65
76
50
35
75
49
13
68
38
73
28
35
55
83
48
96
83
89
44
58
32
99
63
43
76
16
94
34
39
41
59
68
59
40
20
65
96
90
58
70
27
93
68
41
20
77
20
26
38
97
75
16
83
78
31
76
29
98
91
22
34
70
14
70
70
45
56
47
72
14
13
84
99
52
97
12
38
64
59
10
50
18
90
73
45
63
33
37
76
46
61
72
47
36
56
49
25
59
59
44
93
10
14
98
88
92
71
83
77
96
54
63
19
31
25
55
34
54
44
68
11
35
22
84
63
39
37
78
93
51
58
48
60
71
98
12
31
87
90
14
33
91
99
95
88
35
91
24
83
79
11
52
34
43
52
39
80
22
58
21
11
72
60
81
11
79
31
75
97
79
80
91
92
37
46
82
46
45
71
55
21
88
19
70
16
68
17
45
64
83
50
74
69
62
26
86
98
19
95
22
48
63
68
90
68
35
13
29
72
63
96
32
54
51
86
44
22
31
93
99
52
55
56
86
82
73
83
51
51
13
94
79
57
80
59
15
44
75
51
88
84
68
88
82
81
26
69
56
94
34
61
39
76
43
43
65
30
29
58
33
89
58
88
87
78
59
28
17
23
18
39
50
57
66
33
83
27
67
44
72
26
51
51
45
49
23
81
33
26
26
15
77
59
17
92
34
19
39
18
68
28
37
35
72
35
16
64
91
43
10
73
90
53
65
89
87
85
68
67
29
92
46
88
67
93
95
99
82
30
29
81
33
47
61
48
68
26
32
13
98
30
67
27
95
32
42
37
24
78
70
97
26
10
91
52
35
97
68
94
51
25
40
75
58
41
92
23
33
64
83
62
38
52
72
44
11
62
76
19
49
67
47
82
26
31
39
76
90
62
36
70
75
29
59
96
30
43
99
79
58
62
69
64
24
97
76
33
52
81
39
92
61
32
30
84
70
70
84
34
84
54
80
28
18
53
26
27
36
68
89
28
48
68
79
91
50
91
10
66
41
61
22
95
71
48
64
81
65
58
33
78
81
66
97
47
85
14
17
36
59
22
50
81
68
74
10
96
69
61
50
68
90
78
36
34
79
37
98
19
50
86
75
36
21
57
82
87
20
55
93
18
72
65
85
54
12
35
94
28
65
87
37
25
72
47
29
56
27
48
67
85
72
37
19
44
35
20
30
91
58
78
35
62
35
26
68
26
80
37
45
14
75
90
59
81
92
20
32
42
16
10
89
27
86
30
40
44
56
91
67
18
89
72
36
30
10
53
22
82
44
22
55
85
69
38
62
56
50
70
72
20
85
64
39
93
15
30
73
63
62
98
71
31
80
81
36
10
62
38
80
23
39
31
25
64
90
49
78
92
86
43
91
45
43
72
89
91
18
66
30
31
76
41
85
34
64
67
83
44
25
68
43
99
63
27
71
56
77
46
76
44
78
23
97
58
59
30
83
83
25
97
23
12
10
85
43
48
63
47
59
