# 16019295	Alyn Shifa Aulya Wildania
87
66
50
82
33
67
46
85
51
34
90
99
81
10
74
11
30
76
74
19
90
15
17
24
77
72
52
29
84
84
89
61
25
35
72
72
11
80
72
30
19
15
88
75
17
45
11
10
75
93
64
85
28
11
90
86
48
69
33
94
49
61
52
55
43
99
54
23
56
52
22
53
49
92
32
76
51
42
98
54
25
70
83
63
61
49
14
36
16
85
48
59
71
60
58
96
66
14
26
39
41
47
94
75
92
84
80
11
61
92
12
49
72
82
17
16
36
51
23
14
59
36
18
77
11
70
80
76
38
28
40
61
48
32
92
62
56
85
52
26
28
12
26
67
48
61
84
44
75
82
83
93
22
26
85
75
54
33
82
82
81
68
69
92
11
28
30
91
57
83
43
56
13
75
83
24
60
44
30
61
74
38
66
45
68
48
59
85
36
49
87
44
83
88
62
51
64
33
27
29
53
85
24
53
79
80
89
88
39
77
61
52
26
78
54
10
64
81
75
89
83
28
69
39
25
15
16
41
53
94
72
21
66
11
16
42
12
11
73
76
67
51
75
24
40
16
18
74
35
54
74
40
91
97
79
62
98
19
43
87
24
37
13
36
54
14
59
90
49
66
57
52
50
15
93
25
82
30
66
68
46
12
37
88
96
38
65
24
58
94
22
41
19
56
85
67
48
70
72
93
27
14
66
81
71
85
78
37
18
88
83
47
34
65
43
91
82
37
30
31
48
12
59
49
27
79
75
93
55
70
59
48
17
18
70
51
60
75
63
37
15
47
80
87
37
31
84
32
76
45
16
34
76
30
32
73
87
90
26
14
63
71
29
74
10
53
55
34
18
95
66
43
10
30
49
34
84
95
82
22
85
88
11
29
51
29
70
26
40
20
54
47
80
51
93
13
55
35
72
24
39
88
99
29
51
82
91
59
52
15
29
81
67
63
88
34
47
47
12
47
23
94
50
93
37
19
87
21
66
37
74
88
41
99
23
99
64
25
69
74
71
46
26
56
32
82
18
92
95
76
59
99
42
99
95
93
31
56
58
62
28
35
42
90
60
42
73
47
91
48
66
99
59
82
40
24
78
64
55
55
71
91
85
56
81
34
54
30
10
95
13
93
46
69
45
59
67
56
79
87
95
40
99
68
36
84
36
87
70
39
65
39
22
54
46
97
86
19
20
33
57
83
56
85
38
86
68
63
44
20
94
98
74
76
99
32
17
99
18
85
56
80
69
20
12
41
81
18
96
55
15
53
62
44
66
88
49
85
97
85
72
45
36
19
85
72
83
74
71
52
30
36
57
11
56
18
40
14
97
96
54
70
82
49
37
55
13
30
68
83
75
98
95
80
25
33
41
54
40
83
39
91
50
21
17
20
69
87
77
42
49
31
77
22
37
21
50
14
44
46
26
87
71
38
14
62
37
34
91
52
53
95
48
40
44
78
79
82
46
61
61
75
86
25
73
55
19
76
10
34
44
81
63
21
15
16
76
40
12
13
71
40
45
79
22
37
76
59
80
33
70
60
93
33
13
14
63
22
45
38
51
18
77
94
96
72
72
56
75
59
29
72
13
48
21
15
27
78
17
83
53
26
51
50
41
13
23
14
36
95
10
61
95
85
94
80
75
13
52
97
81
84
41
43
34
15
72
71
76
22
29
61
26
83
69
62
70
86
24
56
86
38
94
23
27
90
81
49
36
45
81
98
53
94
39
93
63
54
11
59
18
51
61
30
75
18
35
13
42
49
70
54
60
23
78
93
18
73
25
66
18
59
53
73
19
94
46
44
33
49
20
58
37
48
19
96
69
38
73
81
91
39
15
14
75
96
21
38
94
11
90
40
96
33
71
42
55
26
12
39
38
93
55
72
46
12
24
26
50
41
69
48
69
81
71
95
95
65
48
24
94
95
86
51
89
58
87
60
13
42
51
97
12
20
93
47
34
44
25
41
40
86
10
52
53
18
18
21
28
65
71
36
59
19
92
77
16
64
51
88
91
38
81
80
17
88
73
94
24
95
72
38
69
39
63
20
95
81
34
29
31
36
49
23
11
16
65
59
88
52
72
49
41
61
11
18
81
88
89
73
12
91
81
30
68
14
44
61
96
39
98
31
27
30
37
67
73
81
47
40
14
70
12
30
97
21
74
79
67
10
91
86
97
88
13
50
88
51
19
91
49
67
93
41
10
55
71
66
56
15
15
11
85
89
86
70
70
67
76
11
52
75
83
77
86
33
63
42
73
58
17
60
10
97
73
97
37
35
75
64
