# 16019435	Aditya Alhadi Ramadhani
55
29
11
76
59
77
82
72
46
27
67
72
44
36
77
41
89
60
13
76
47
70
42
16
85
98
99
23
71
36
47
22
32
19
56
59
25
42
61
41
13
97
72
67
12
69
46
50
73
59
78
37
95
97
13
56
38
53
79
48
82
21
59
23
28
45
92
89
92
45
68
78
33
23
64
23
89
55
40
28
11
87
17
33
70
89
13
10
59
80
35
38
65
31
34
53
79
86
90
72
22
50
28
29
19
32
94
49
65
53
20
99
26
38
33
83
52
53
43
10
38
10
83
21
53
40
72
81
81
38
20
14
10
49
90
11
22
65
49
45
59
43
32
15
98
77
14
11
42
59
15
41
22
97
73
21
43
39
14
65
55
97
12
93
67
75
73
91
12
74
94
38
13
55
74
54
88
48
27
21
82
93
67
66
56
84
52
76
82
62
52
76
28
42
63
32
16
56
66
18
51
96
92
76
38
22
47
16
42
32
47
51
17
32
60
66
95
15
80
39
70
54
65
42
59
38
86
47
54
39
55
70
37
31
11
21
29
57
24
41
33
29
23
92
48
42
91
79
31
32
37
98
81
62
72
24
28
72
45
58
73
35
18
89
17
35
58
50
49
81
58
96
62
22
32
84
78
59
47
90
23
22
91
79
73
37
76
92
98
69
77
43
69
18
19
61
48
24
73
81
99
69
45
69
39
18
80
78
42
69
63
81
36
25
12
19
55
52
11
29
93
68
23
56
63
28
89
46
76
94
32
49
53
84
87
99
44
75
64
60
25
98
55
52
52
83
42
21
81
48
80
76
25
95
30
83
14
12
60
71
29
81
39
68
25
49
20
25
52
74
97
32
53
36
43
15
72
66
71
63
50
52
94
71
82
99
75
14
62
12
70
89
49
57
23
41
25
97
46
22
54
94
38
48
44
64
30
78
33
79
22
89
34
49
13
71
25
34
92
72
33
14
90
49
38
48
87
32
38
89
49
10
41
48
86
16
42
63
16
50
25
55
28
99
88
99
94
14
58
24
54
46
62
59
93
84
76
86
74
11
15
56
91
27
84
70
58
81
23
81
28
55
95
24
73
36
94
22
62
70
79
25
55
46
91
48
71
95
73
83
42
96
53
85
25
40
82
23
64
31
82
92
63
56
23
46
89
44
44
64
78
23
46
43
58
34
79
59
28
79
27
10
14
71
82
30
98
41
45
73
91
31
65
61
71
36
62
50
95
93
84
59
73
46
54
17
37
81
26
19
53
11
28
79
28
23
68
21
20
63
46
19
98
76
41
58
77
79
23
93
41
23
18
53
24
93
83
89
56
17
34
16
35
61
84
60
95
18
97
51
70
86
38
44
73
74
83
14
53
79
80
96
55
40
53
80
33
91
90
98
14
34
91
51
31
31
86
35
18
47
15
49
54
22
14
89
50
42
55
86
25
38
58
53
79
16
94
99
38
70
61
19
96
29
15
19
70
54
75
65
63
38
10
28
39
32
51
67
63
51
86
59
47
97
83
13
20
36
88
66
49
23
90
65
13
99
45
71
75
31
69
27
31
21
49
57
22
66
29
37
71
30
13
45
20
35
51
71
65
11
30
96
52
20
65
82
55
10
90
18
48
24
30
32
96
76
68
73
56
28
68
45
79
77
48
80
81
47
50
52
37
11
14
32
13
86
41
68
66
69
78
63
99
60
82
99
81
38
18
62
95
10
10
77
97
72
98
36
91
59
79
19
30
84
87
74
21
49
39
73
33
56
60
83
97
20
81
93
19
10
86
55
84
40
72
53
45
84
34
42
15
85
25
40
98
25
53
86
97
27
76
12
83
51
81
68
28
56
32
15
83
23
72
81
39
93
58
30
63
47
47
19
37
50
85
67
21
31
80
66
71
89
91
97
33
18
79
21
87
82
15
36
39
42
38
56
39
48
40
13
48
28
37
28
88
14
90
86
53
88
53
46
88
19
78
74
22
83
25
30
50
53
68
57
18
61
17
98
24
46
44
50
57
70
10
66
75
32
16
64
18
39
78
97
30
39
77
73
58
83
14
79
22
76
13
30
72
90
95
14
62
26
71
23
46
31
99
94
23
41
55
31
78
54
83
10
71
41
97
77
93
40
62
10
50
47
31
87
69
97
92
66
43
83
56
78
93
61
59
47
39
73
34
40
11
24
20
16
95
33
67
15
38
33
90
40
78
75
88
23
99
98
13
25
88
75
75
13
43
46
40
40
71
90
65
98
86
73
91
84
71
33
70
56
73
90
30
23
93
87
