# 16019120	Berkat Pamanda Turnip
18
73
72
61
16
47
49
12
54
27
66
98
58
16
53
14
75
89
94
67
95
40
50
14
59
99
17
31
19
31
97
39
89
18
69
65
93
14
36
81
60
39
17
48
20
47
56
86
39
24
47
26
51
34
44
97
39
94
20
27
59
37
25
19
47
61
56
26
53
34
95
41
91
21
65
37
21
62
38
41
86
56
79
47
92
98
67
35
22
28
29
21
46
53
16
97
77
91
28
85
46
99
97
76
70
22
88
23
34
58
63
31
17
53
83
63
25
85
32
37
18
83
54
41
90
94
81
22
31
89
47
93
31
71
23
10
43
84
10
90
44
73
52
17
74
86
66
43
70
87
25
28
69
60
70
61
96
42
30
15
57
84
28
64
93
71
21
34
47
52
12
14
81
28
55
30
82
91
87
71
52
37
77
95
91
68
66
83
51
18
68
23
59
87
65
41
16
44
36
92
58
43
17
83
56
49
27
79
77
12
43
13
38
75
88
76
69
47
30
60
84
13
71
84
63
43
93
60
85
52
77
34
20
41
59
31
71
45
70
92
18
18
17
53
24
15
99
85
61
89
35
68
33
32
77
39
43
89
94
81
51
21
46
61
63
13
44
74
39
15
29
93
43
41
99
21
85
18
16
92
91
42
58
28
33
62
30
67
72
17
44
13
43
25
33
84
78
17
37
72
57
99
78
81
86
95
90
23
56
12
84
61
12
98
53
10
68
45
85
31
12
23
52
13
87
78
12
71
24
17
54
56
97
98
98
49
73
63
69
57
96
39
96
83
96
20
21
37
16
25
27
14
61
32
80
24
40
59
32
34
74
27
91
97
84
61
49
96
46
88
29
41
62
95
20
49
80
72
66
27
35
75
95
53
47
24
84
30
11
49
65
76
91
56
81
14
23
75
44
71
34
85
65
71
94
16
39
35
75
56
25
86
20
29
29
12
74
96
86
33
98
90
75
30
47
97
28
21
92
90
87
46
83
51
35
48
78
22
81
31
97
30
87
32
10
67
66
78
60
29
78
78
69
60
70
67
39
42
32
60
77
42
93
21
57
44
10
39
19
92
63
21
12
47
40
58
89
15
81
76
88
39
85
82
16
37
26
50
20
65
52
90
49
76
13
88
39
95
46
70
27
50
14
81
66
66
82
21
67
85
44
32
59
60
34
36
96
14
98
73
61
63
81
12
45
72
63
24
63
72
22
91
79
38
42
11
21
51
68
59
87
86
31
74
14
41
86
69
51
43
95
52
65
65
57
98
95
87
87
90
93
25
55
75
35
35
51
86
52
16
66
76
31
47
36
15
65
42
30
51
47
26
21
37
40
79
73
87
86
51
39
29
64
58
57
15
57
57
60
15
24
72
13
41
60
40
57
25
33
45
68
67
12
43
57
90
83
35
53
45
62
25
69
76
48
10
48
17
82
34
27
82
17
38
32
75
58
20
72
98
93
64
30
64
28
45
10
80
33
77
15
68
47
46
41
53
38
51
31
55
89
25
67
11
62
74
55
78
74
94
61
64
68
43
68
16
20
19
94
52
24
20
64
26
69
73
99
46
57
32
51
32
26
69
64
19
55
27
59
64
81
10
19
14
71
43
59
89
13
14
62
65
40
15
74
38
18
52
31
90
34
29
69
63
60
17
53
43
37
27
26
16
21
60
20
23
20
94
13
66
74
48
40
74
47
52
29
47
66
44
41
38
38
81
23
37
78
44
39
79
86
41
20
21
83
86
25
70
58
50
11
14
60
43
31
89
59
78
25
82
57
82
71
77
51
63
97
92
79
40
55
29
20
15
92
53
88
90
62
51
78
88
30
79
38
71
16
18
84
20
34
37
58
83
62
76
44
23
19
28
38
34
30
51
92
53
44
78
69
36
91
59
96
79
68
85
72
29
28
24
88
67
51
54
41
50
33
68
19
91
87
57
72
55
67
15
81
71
96
80
59
60
39
26
56
27
45
35
25
51
83
61
39
81
53
46
84
43
44
55
58
83
88
81
84
14
20
50
82
25
12
56
40
24
85
27
10
44
71
19
16
66
87
46
21
93
56
35
50
90
14
60
76
54
35
21
97
61
45
66
75
11
33
34
41
19
38
95
52
21
92
58
54
84
31
78
97
44
60
18
33
87
64
36
93
89
36
60
82
11
44
27
40
37
70
59
45
67
50
75
34
96
25
92
90
53
63
71
71
77
92
34
23
80
93
17
30
37
10
64
87
48
83
82
39
89
54
33
30
70
61
57
70
78
72
85
43
24
16
12
