# 16019215	Tsabita Azmi Na'imah Shidiqiah
70
85
83
85
14
70
89
88
30
93
14
73
84
45
21
34
17
35
64
87
57
94
62
48
28
19
78
73
62
12
80
36
76
56
79
23
51
51
38
46
22
98
65
92
71
75
22
55
27
95
27
98
23
32
32
64
53
57
87
32
21
59
24
25
62
24
18
68
94
20
79
41
19
46
80
93
58
65
12
47
87
45
19
39
27
21
79
83
39
38
70
35
85
55
32
23
86
63
15
68
59
80
41
19
22
26
98
83
63
28
46
86
39
44
12
96
82
26
67
40
79
49
71
47
16
13
35
19
91
63
23
95
69
92
96
69
21
14
58
16
65
96
95
55
23
83
92
58
81
22
80
81
89
46
29
57
76
80
76
53
10
92
45
31
35
56
23
84
74
49
99
40
92
73
74
45
26
34
54
28
54
74
23
88
78
17
20
14
61
71
90
75
61
36
17
50
21
29
23
60
46
62
10
59
70
89
35
97
64
14
56
80
29
48
74
39
42
97
57
93
56
49
57
73
71
95
75
33
76
23
61
21
98
34
78
84
99
12
56
34
56
42
46
37
52
57
98
70
27
86
32
20
58
72
10
53
32
30
29
74
43
28
37
37
70
64
36
66
77
15
99
85
50
30
72
41
36
27
68
71
48
48
43
44
68
43
97
21
81
52
17
61
23
65
41
41
55
18
37
45
31
83
24
66
41
72
20
43
46
94
31
67
38
91
13
85
75
52
11
72
93
72
68
55
93
57
68
50
44
48
27
14
45
68
97
48
55
32
11
54
74
33
29
54
98
28
50
56
13
88
36
59
59
12
19
87
24
92
54
59
84
69
94
63
19
60
54
43
13
78
49
87
57
48
73
68
13
43
80
72
33
56
39
67
91
94
75
43
87
43
95
50
48
52
65
41
22
69
21
57
22
28
41
71
90
41
45
48
41
51
59
59
74
40
67
58
71
44
13
69
66
50
19
57
28
23
78
58
54
20
80
64
86
16
53
98
29
51
20
14
26
70
29
53
27
59
66
79
99
40
49
66
67
39
73
88
42
11
29
51
71
75
34
62
74
79
27
10
10
79
45
28
16
68
48
42
72
77
62
75
55
37
63
99
51
48
53
93
25
53
73
54
36
53
74
76
24
34
74
26
98
33
42
46
68
83
96
16
33
32
57
94
57
30
91
28
75
85
71
54
28
48
97
78
41
74
43
22
50
57
65
58
57
71
53
77
22
71
90
98
90
68
60
28
91
91
29
59
34
38
30
48
40
32
35
48
43
95
61
20
73
12
36
51
79
44
77
11
79
89
37
82
61
22
43
41
99
68
67
63
19
11
28
83
42
56
62
84
45
19
52
68
58
23
12
89
26
39
14
21
41
37
90
95
42
39
11
79
85
19
98
10
61
11
33
76
52
91
39
80
74
91
37
88
24
89
83
20
63
37
77
36
63
56
30
26
58
94
27
13
81
55
72
84
57
91
28
87
59
13
31
27
73
13
19
89
54
22
59
34
81
14
70
21
58
42
62
18
82
65
42
58
45
22
48
78
59
13
88
48
93
60
87
32
43
58
48
83
18
11
69
91
75
93
38
40
79
64
24
45
60
40
69
11
54
78
84
93
68
40
83
74
98
16
89
82
74
63
14
83
97
90
79
17
34
35
13
79
26
67
97
24
84
62
72
98
65
64
31
82
91
60
63
27
12
39
76
24
39
40
90
97
19
88
24
46
80
69
77
88
41
51
78
83
86
59
35
35
96
14
77
18
27
80
30
21
98
99
38
90
52
20
55
54
69
89
53
28
56
42
45
37
83
28
34
57
37
56
22
22
25
98
69
26
69
51
91
51
34
22
87
71
11
14
88
34
23
52
35
62
52
52
14
35
51
74
97
16
41
44
94
37
37
47
58
83
24
29
71
60
58
17
12
77
22
72
74
20
37
99
12
12
65
82
94
76
29
56
93
28
20
65
39
75
63
57
75
71
82
29
26
38
89
14
58
77
15
37
68
92
20
69
68
56
64
48
35
77
52
91
52
47
21
88
73
67
96
13
96
79
82
38
10
58
71
53
97
59
30
16
34
29
27
44
15
92
61
30
38
26
89
79
94
32
38
97
30
13
29
85
94
47
65
61
61
81
81
18
97
60
86
31
70
70
89
92
14
48
68
93
55
97
10
65
75
60
43
52
50
58
81
44
14
97
74
89
56
19
71
65
75
87
27
53
35
89
88
41
48
17
86
56
43
17
14
57
52
93
22
23
55
96
70
92
36
87
96
34
11
61
