# 16019195	Winona Timothea Widjaja
85
29
15
30
30
85
93
32
48
55
19
51
30
59
91
93
57
41
98
30
63
27
37
28
87
28
79
43
50
84
47
33
10
74
62
26
32
70
16
85
38
44
68
52
94
21
92
79
33
75
21
41
68
25
86
19
20
39
22
84
40
32
16
51
11
27
33
25
42
95
48
66
40
73
19
42
78
18
31
62
20
33
56
46
66
59
44
61
67
37
42
10
67
48
60
26
49
72
76
25
54
24
58
65
95
60
81
95
94
26
23
33
86
52
93
24
78
33
19
70
36
91
92
93
73
94
28
75
10
27
70
80
86
75
88
53
13
26
73
45
34
79
63
17
44
19
68
34
99
41
29
84
48
68
25
29
36
94
69
18
36
67
29
27
26
91
30
47
27
89
80
26
12
14
91
14
58
81
50
90
35
68
60
84
42
28
66
16
47
39
12
98
90
50
95
25
94
41
12
92
89
65
12
75
27
97
31
75
86
24
22
12
85
39
90
58
96
12
21
33
32
29
58
56
30
26
37
95
45
60
81
57
28
12
97
16
60
98
53
71
38
36
34
77
78
35
56
36
21
75
79
21
52
79
49
13
10
19
51
23
22
24
11
99
19
19
86
78
43
68
31
17
10
50
25
36
57
74
94
53
54
89
21
95
17
48
64
37
22
96
28
64
71
78
43
71
67
67
41
93
76
30
36
37
88
22
74
63
73
13
43
32
61
58
32
91
58
89
22
27
65
11
14
71
52
20
30
49
31
58
26
25
64
18
77
24
29
10
39
26
15
34
94
18
31
23
72
96
58
45
17
10
65
52
42
66
41
41
66
79
78
80
23
43
96
41
44
96
49
79
68
14
11
20
22
38
57
67
57
85
61
39
70
82
60
82
47
14
11
24
66
83
39
88
55
60
42
67
86
95
30
80
60
31
88
15
75
43
15
72
67
95
53
52
45
34
37
56
70
41
86
94
51
81
67
35
92
94
10
17
90
17
93
71
30
32
48
13
64
26
83
96
73
67
68
83
64
28
32
80
70
89
34
13
41
29
58
69
85
42
22
60
81
95
16
37
37
19
91
71
96
49
19
31
46
93
78
62
38
82
34
83
16
30
56
41
33
41
24
40
91
21
70
49
74
60
66
57
88
69
80
33
75
27
89
53
62
44
32
31
61
10
12
56
10
51
88
80
91
93
13
32
98
94
92
51
29
57
15
25
26
67
95
12
10
80
81
63
62
14
78
69
47
56
75
98
75
79
31
24
44
99
62
56
37
38
65
56
69
60
53
80
12
34
39
38
70
13
60
80
17
17
91
81
76
56
51
76
24
68
69
52
75
86
14
89
83
52
47
72
24
28
11
78
52
15
89
22
85
39
31
30
83
99
37
53
76
28
26
72
11
19
64
34
40
26
23
45
18
89
60
81
44
69
72
96
77
76
34
99
40
84
30
93
28
64
50
22
26
87
55
66
35
15
26
62
43
37
69
52
89
15
37
38
19
83
65
87
12
58
39
26
76
96
39
11
94
59
26
18
71
42
45
37
29
46
55
38
98
45
98
97
95
55
19
72
86
51
53
48
32
53
50
60
86
79
77
96
33
87
86
79
61
74
55
44
59
17
37
53
10
33
83
75
71
31
99
99
78
57
98
15
86
89
93
64
14
56
32
64
58
51
21
14
45
57
73
51
37
79
90
70
72
99
59
35
15
45
41
38
34
19
21
56
36
61
94
28
16
75
19
91
68
19
37
52
49
28
56
97
68
10
57
41
63
27
33
14
90
54
64
93
28
56
46
22
10
99
75
21
24
72
30
18
17
70
76
50
94
90
47
71
86
64
94
76
67
43
21
98
39
55
97
99
64
82
19
86
17
74
69
89
92
17
98
81
79
80
83
99
81
49
33
29
84
88
95
95
27
62
70
39
30
41
67
17
55
44
84
54
15
24
41
35
69
10
84
45
73
98
76
90
32
52
70
79
72
94
98
58
52
51
24
20
16
70
62
48
57
24
65
27
37
49
33
83
63
46
15
73
80
16
22
84
88
80
24
88
36
12
43
92
70
34
96
99
40
50
62
59
13
96
48
41
61
51
86
78
22
59
17
62
33
42
53
35
86
62
87
64
16
19
64
37
34
79
46
97
58
32
78
72
31
11
85
67
34
67
53
12
98
59
78
33
25
29
90
98
27
92
44
29
13
26
61
97
55
75
89
34
41
55
40
63
48
23
63
94
76
23
30
74
37
75
81
11
70
39
72
40
17
37
14
75
39
89
46
20
98
73
