# 16019335	Novi Nabiila Kamilah
17
16
12
72
60
61
24
50
25
22
80
81
12
35
41
36
37
66
76
84
78
84
21
42
40
81
32
36
69
41
66
12
59
27
40
90
98
23
63
25
50
26
52
89
29
87
35
97
56
59
36
83
12
42
47
22
86
38
99
42
65
35
64
11
41
27
72
86
61
99
63
48
82
19
12
57
92
82
81
43
45
78
76
71
61
80
52
24
54
29
47
28
43
12
33
88
60
44
71
56
50
91
85
72
38
75
10
20
49
98
29
96
69
75
98
52
10
87
64
61
10
97
57
45
71
99
24
68
30
43
37
92
72
33
54
64
30
70
19
22
96
90
38
42
79
70
77
54
77
34
28
27
74
38
67
88
46
89
10
92
25
13
56
22
50
54
86
33
73
12
91
31
41
80
45
41
47
88
57
35
38
64
20
64
21
15
80
26
46
24
19
88
14
49
57
91
62
87
61
54
90
52
33
33
75
48
80
79
70
50
50
98
24
83
39
88
76
15
41
87
93
66
11
49
46
16
27
22
19
26
78
42
30
15
99
17
68
33
31
10
19
40
94
22
43
83
81
32
32
78
92
97
65
36
44
20
56
34
14
61
91
13
33
63
45
53
30
44
99
46
30
26
78
73
68
91
62
15
67
42
50
28
21
47
11
30
64
87
81
63
18
26
97
67
66
21
77
92
10
62
90
33
72
35
64
62
91
31
93
76
72
11
88
29
29
62
12
26
82
75
76
76
35
35
64
89
85
59
83
85
61
28
33
68
63
57
40
10
21
53
35
57
86
31
20
96
49
25
63
68
31
98
15
76
23
24
20
76
12
81
96
90
69
54
46
62
49
65
65
64
98
84
62
35
50
67
31
13
24
41
53
54
70
83
80
90
47
64
45
45
13
44
13
46
88
26
44
20
91
86
56
38
61
82
91
98
32
56
48
38
33
27
81
41
12
24
95
33
47
18
56
99
48
77
51
28
92
92
24
92
69
89
87
24
50
16
18
18
60
92
73
34
31
70
17
79
43
36
83
38
26
51
95
24
99
75
39
32
78
72
86
86
54
96
67
40
48
42
17
26
77
98
75
15
44
75
27
86
60
76
92
81
39
32
12
99
65
77
54
43
14
54
48
93
25
59
78
18
18
95
81
65
60
63
44
14
50
80
14
27
24
31
12
87
52
12
44
70
83
38
27
26
69
27
85
31
99
94
99
38
51
74
67
61
11
64
52
59
94
66
33
71
65
61
44
59
82
43
97
95
26
38
53
41
28
50
26
67
94
76
11
60
31
74
70
57
17
26
14
43
26
57
24
14
22
47
86
71
90
67
87
66
13
43
67
43
36
73
64
45
53
29
11
27
93
65
94
39
15
61
81
43
84
31
97
51
68
57
40
44
46
46
64
92
68
43
87
78
49
38
62
39
51
14
13
26
64
28
50
59
78
74
29
15
91
96
88
25
97
37
31
13
73
83
87
84
44
10
70
49
46
12
23
88
40
30
24
76
50
73
27
75
65
56
15
62
17
71
40
46
40
48
66
96
31
80
22
66
27
75
31
53
96
74
12
78
64
33
67
23
69
99
87
65
60
44
10
46
61
83
61
85
92
84
41
93
28
80
58
98
81
25
40
33
45
51
43
38
74
92
14
87
61
38
79
58
25
52
11
61
76
43
36
73
10
33
81
87
82
94
10
79
24
47
56
30
68
85
70
43
72
38
30
75
68
31
53
61
68
36
40
10
72
60
52
56
52
81
94
82
50
11
56
35
51
71
51
95
60
39
55
14
87
69
31
18
17
30
54
45
26
81
62
71
36
67
44
56
16
19
49
94
11
73
28
20
61
35
94
67
44
63
35
39
81
20
73
15
20
94
18
40
50
90
93
46
67
67
46
42
51
11
85
87
73
23
46
41
75
13
43
80
21
38
39
48
33
30
20
50
10
65
74
42
39
21
61
36
65
92
46
42
24
98
87
71
41
79
30
31
62
94
13
43
51
40
80
29
17
30
97
79
27
65
40
92
60
60
65
30
90
72
72
31
65
43
34
19
28
11
41
28
61
61
88
90
92
72
30
49
28
75
12
11
46
34
74
50
11
99
88
80
30
47
56
75
91
36
31
74
95
35
56
53
14
43
34
37
51
12
14
54
90
13
23
68
77
24
50
92
11
15
67
37
90
23
29
52
13
54
72
74
66
34
24
85
14
28
97
85
29
36
70
40
83
14
64
61
80
20
53
87
63
88
22
41
83
34
80
57
42
90
14
45
24
79
62
33
81
91
