# 16019420	Muhammad Alif Darmamulia
45
13
54
36
72
40
15
98
18
54
57
19
62
24
16
26
38
51
29
42
18
60
98
79
59
81
98
24
12
10
82
38
42
58
48
59
72
22
58
10
69
33
66
60
10
72
98
61
64
51
44
52
47
71
18
44
61
30
59
91
85
99
15
65
95
60
88
96
26
46
26
95
92
78
48
72
73
96
87
50
71
89
54
11
35
56
20
64
52
88
48
60
41
68
43
41
54
23
46
85
59
21
71
29
19
83
31
34
16
69
40
30
36
45
20
69
66
13
72
50
42
48
55
14
67
12
88
63
42
23
91
42
58
71
21
48
71
40
22
57
10
88
40
27
86
48
22
66
61
65
51
63
14
45
41
87
11
76
68
70
57
74
41
49
55
43
39
39
83
21
39
20
36
76
27
70
89
86
53
53
77
14
88
56
46
70
81
16
60
91
90
50
34
56
13
28
34
51
98
80
90
65
72
50
83
27
64
35
87
86
90
47
54
70
72
92
72
21
27
98
73
28
81
43
38
46
69
78
82
62
28
11
56
58
99
90
97
23
26
97
46
16
19
44
92
81
94
19
46
77
47
58
72
59
15
18
87
48
82
73
80
81
42
86
82
71
62
69
76
82
37
16
67
30
20
76
89
44
84
59
62
96
46
21
51
17
50
91
92
15
29
85
18
34
59
26
63
12
50
26
54
70
88
42
19
81
33
82
77
95
91
47
27
66
55
50
67
44
78
46
33
50
65
39
12
52
36
10
48
16
66
43
81
38
65
32
38
49
37
98
90
39
46
87
41
98
69
62
65
50
41
97
74
42
46
99
89
14
45
22
61
19
56
21
39
64
19
58
85
39
25
56
27
71
89
57
59
96
23
44
73
45
88
94
52
29
15
89
27
95
50
93
28
15
29
46
38
80
68
57
92
47
90
82
39
30
26
59
17
93
48
28
95
10
78
62
41
91
15
81
75
98
51
38
85
45
46
55
87
15
85
93
33
40
42
89
38
90
16
99
34
23
84
42
22
76
94
42
28
86
74
11
63
57
81
27
58
75
77
32
49
29
32
18
41
77
77
31
69
62
98
77
95
90
54
88
53
41
54
50
84
36
89
97
49
73
21
88
99
79
84
67
82
38
57
19
14
14
95
77
45
68
56
64
58
25
40
25
16
99
23
90
63
81
75
63
24
92
53
94
18
59
16
70
16
15
82
91
15
45
27
70
72
49
61
56
52
46
33
23
86
69
79
56
72
59
34
25
41
84
49
11
70
73
56
13
20
33
60
62
40
14
66
47
82
23
67
72
49
22
44
82
54
45
19
13
89
70
29
17
35
13
38
17
10
21
99
82
48
89
97
36
72
17
48
35
42
22
25
19
38
24
25
23
80
20
89
27
27
66
15
96
26
34
49
74
77
20
48
25
85
65
56
51
39
13
63
91
88
66
67
87
94
92
21
80
91
11
86
33
36
98
52
58
23
74
23
73
50
35
69
72
92
89
29
66
55
83
72
50
32
95
71
54
28
72
18
29
59
16
31
63
22
61
21
81
75
78
78
98
23
80
11
56
80
90
97
89
76
11
81
28
12
88
13
92
82
80
87
77
11
20
77
74
17
20
13
71
95
87
14
57
70
31
62
33
40
74
63
35
16
99
29
56
13
57
24
54
12
93
41
19
27
49
35
16
50
19
40
80
38
67
82
18
74
48
47
57
52
24
83
50
90
30
11
92
54
17
76
53
66
44
19
25
45
98
31
15
33
51
84
44
61
86
20
13
65
41
32
46
87
14
67
13
36
28
47
98
20
61
35
63
55
29
39
87
31
26
85
69
78
46
25
40
38
57
40
83
95
28
37
50
32
63
37
87
30
70
63
80
40
69
56
99
81
64
17
76
45
79
13
94
79
52
46
92
70
63
81
57
12
65
17
57
93
38
54
57
73
25
81
22
61
93
82
85
58
63
22
17
22
35
66
60
83
24
73
22
96
63
85
61
17
81
83
45
37
74
64
26
78
35
73
84
72
59
79
70
71
89
69
49
66
70
16
44
57
82
56
87
92
48
25
28
87
16
80
59
95
13
28
52
87
21
73
62
81
29
89
65
85
59
69
23
33
55
87
15
23
77
93
52
54
58
55
82
92
98
27
89
96
72
73
42
29
34
36
55
13
68
68
59
95
16
39
95
76
31
58
25
80
74
30
97
80
67
39
52
85
34
99
19
85
80
87
45
19
98
42
81
50
13
61
60
61
15
59
80
17
75
68
43
21
55
37
70
87
24
16
42
