# 16019005	Cindy Aprilia Chandra
73
16
86
31
71
30
10
45
98
66
14
18
49
69
91
60
88
27
35
60
44
53
77
70
20
74
29
98
76
35
69
70
53
29
90
26
81
59
82
41
65
84
34
94
35
92
91
65
67
64
57
38
60
45
71
48
97
19
85
67
91
34
30
45
40
90
29
48
46
97
53
46
51
68
16
73
56
36
28
56
49
13
66
95
54
29
44
69
88
55
98
66
43
93
93
98
17
47
71
21
35
33
89
42
97
70
26
74
68
43
14
99
36
36
26
41
94
95
18
36
97
17
12
15
60
30
67
60
76
39
40
65
20
47
26
68
40
66
55
86
98
91
76
31
41
73
13
96
95
13
33
22
35
43
74
88
40
24
99
43
14
84
99
93
58
41
78
46
95
93
33
76
22
53
23
51
95
73
38
34
33
84
75
46
74
98
37
19
27
84
42
68
76
66
99
13
98
74
39
64
54
59
50
80
62
11
20
13
42
80
11
56
99
72
12
54
86
24
74
73
36
42
74
71
20
17
57
74
59
47
69
84
48
35
96
66
59
63
53
68
60
96
31
93
62
11
78
87
44
34
45
52
19
38
53
47
70
85
23
24
94
28
70
76
37
37
80
36
71
58
25
49
24
46
91
84
10
14
61
52
98
83
25
56
63
47
49
19
46
69
35
54
37
79
78
30
92
83
98
31
39
68
88
77
39
38
81
58
17
59
83
36
17
59
77
11
47
37
43
77
50
19
50
62
69
77
67
73
10
68
61
78
55
41
54
48
69
77
85
52
74
67
50
61
15
43
89
42
53
96
47
99
67
11
52
60
25
77
95
46
95
86
40
42
38
24
19
48
31
94
60
93
33
14
32
36
29
39
33
17
96
49
94
94
69
18
59
65
58
11
53
65
80
30
76
59
25
84
43
39
33
70
31
23
59
31
12
95
97
60
68
97
43
37
47
62
46
24
20
62
28
79
45
37
81
14
98
98
58
58
75
34
15
83
79
59
18
24
93
90
28
55
11
33
79
76
28
81
62
26
44
94
35
90
79
49
81
16
87
56
97
20
21
34
43
73
62
34
60
39
37
23
54
44
39
45
38
10
79
11
28
17
57
11
54
64
65
21
32
37
48
50
75
75
63
27
66
46
68
97
25
33
99
77
54
12
54
48
56
27
67
97
33
11
70
29
28
78
40
35
54
54
53
39
47
81
97
24
69
95
99
92
81
93
21
45
95
50
73
99
67
74
44
26
44
66
38
47
60
39
28
36
92
23
88
23
78
22
99
34
66
97
39
33
63
82
56
48
15
80
90
20
39
15
75
96
82
76
83
21
87
78
77
85
91
36
98
67
75
95
38
28
46
58
59
41
16
60
51
18
71
31
12
33
49
60
41
13
16
29
66
28
43
44
51
85
48
71
45
25
98
71
27
13
16
83
71
69
92
17
64
18
90
44
17
70
41
71
92
37
99
45
14
40
28
55
53
65
27
77
85
53
25
13
12
46
66
54
45
64
31
68
55
63
56
46
30
46
90
54
63
33
61
51
50
14
88
25
54
48
52
46
71
80
70
41
89
36
75
46
16
58
58
52
51
47
64
98
72
97
35
12
69
49
40
59
48
85
94
21
21
76
55
53
20
88
10
17
72
58
78
10
94
22
67
40
58
25
35
67
21
32
16
34
22
88
22
30
13
40
35
68
42
19
26
42
49
41
21
95
91
83
80
84
26
80
53
22
95
94
27
74
97
20
98
36
41
57
69
60
19
31
54
41
19
47
96
42
11
80
16
22
79
80
98
87
20
59
95
83
85
59
48
14
15
24
88
86
24
88
63
41
41
34
55
35
85
13
33
34
47
60
72
78
18
83
74
15
34
45
73
58
87
49
31
36
26
27
23
92
48
40
57
96
44
73
27
87
88
54
53
96
12
69
85
15
74
85
43
84
70
20
59
10
25
69
92
34
27
74
68
66
95
86
41
31
20
22
55
89
60
89
99
91
43
81
43
30
77
87
30
42
87
32
57
80
14
11
78
66
79
12
62
45
66
58
82
33
43
31
68
43
25
53
82
67
82
45
69
11
52
23
56
75
18
83
51
36
92
97
96
35
66
15
46
79
53
17
23
45
10
22
61
42
44
40
89
69
36
20
35
97
23
72
42
99
36
78
14
35
64
80
74
67
88
56
26
56
46
54
37
80
37
73
19
84
21
47
77
45
57
92
90
59
67
12
92
40
33
61
81
42
80
57
51
79
82
20
17
46
31
89
42
71
22
17
64
16
50
95
